-74.9848,3.9136,415,0,0
1,2013,1,20889.29,25.73,36.03,3.07,-99,0
1,2013,2,21632.15,25.08,35.68,3.31,-99,0.2
1,2013,3,23106.91,23.99,38.49,3.01,-99,0
1,2013,4,21408.98,22.91,35.71,2.98,-99,0
1,2013,5,22908.94,23.81,38.81,3.43,-99,0
1,2013,6,24159.16,22.71,37.21,3,-99,1.2
1,2013,7,22949.84,23.74,38.44,2.93,-99,0
1,2013,8,22105.74,22.48,34.68,3.06,-99,0
1,2013,9,22689.82,23.95,38.95,3.58,-99,0
1,2013,10,22777.98,24.23,38.93,3.61,-99,0
1,2013,11,21718.21,24.65,36.95,3.21,-99,0
1,2013,12,20806.88,26.84,36.24,3.27,-99,0
1,2013,13,20765.46,26.19,35.69,3.34,-99,0
1,2013,14,17485.02,25.72,34.62,3.13,-99,0
1,2013,15,21886.55,24.5,34.9,3.13,-99,0
1,2013,16,20883.31,25.71,35.91,3.11,-99,0
1,2013,17,21146.86,23.14,35.34,3.05,-99,0
1,2013,18,22274.49,22.73,35.53,3.14,-99,0
1,2013,19,22811.2,24.45,38.95,3.82,-99,0
1,2013,20,21348.84,24.94,34.44,3.38,-99,0
1,2013,21,21618.19,26.28,35.78,3.28,-99,0
1,2013,22,20912.65,24.42,35.52,3.12,-99,0
1,2013,23,22305.88,23.72,36.82,2.99,-99,5.8
1,2013,24,21852.5,24.5,35,3.15,-99,0
1,2013,25,19299.93,23.74,32.54,3.19,-99,0
1,2013,26,18756.49,24.49,32.49,3.21,-99,0.2
1,2013,27,21286.29,22.85,32.35,3.24,-99,0
1,2013,28,20001.76,23.75,32.35,3.22,-99,25.4
1,2013,29,21341.19,24.2,34.7,3.21,-99,23
1,2013,30,22176.78,25.59,35.79,3.25,-99,0
1,2013,31,18325.79,24.06,32.76,3.14,-99,0
1,2013,32,21613.81,23.39,36.69,3.05,-99,0
1,2013,33,19515.37,21.76,30.86,3.03,-99,3
1,2013,34,20850.28,22.22,35.52,3,-99,0
1,2013,35,20747,24.55,35.45,3.25,-99,0
1,2013,36,18793.45,22.69,31.09,3.11,-99,1.6
1,2013,37,18266.61,23.39,31.69,3.13,-99,3.8
1,2013,38,21473.36,23.9,33.8,3.3,-99,0
1,2013,39,10752.66,23.3,29,3.01,-99,2
1,2013,40,17697.54,22.7,30.7,3.05,-99,0
1,2013,41,12788.41,22.8,30.7,3.2,-99,3.2
1,2013,42,21128.61,25.82,37.52,3.22,-99,16
1,2013,43,21113.24,25.98,36.38,3.08,-99,3.6
1,2013,44,20988.8,23.77,34.77,3.12,-99,0
1,2013,45,19067.14,24.55,33.95,3.17,-99,0
1,2013,46,20279.84,25.27,35.17,3.1,-99,0
1,2013,47,16208.71,28.06,35.66,3,-99,0
1,2013,48,18764.89,24.54,32.94,3.28,-99,0
1,2013,49,17437.4,27.51,35.61,3.11,-99,1
1,2013,50,20591.18,23.52,33.22,3.1,-99,0.2
1,2013,51,17570.74,27.2,35.7,3.2,-99,0
1,2013,52,18670.99,25.49,33.69,3.13,-99,1.8
1,2013,53,19553.74,25.31,34.21,3.3,-99,0
1,2013,54,18968.39,25.07,33.17,3.19,-99,0
1,2013,55,12341.49,23.24,28.54,2.99,-99,0
1,2013,56,19628.37,23.77,32.67,3.18,-99,0.4
1,2013,57,21904.86,23.7,32.7,3.23,-99,0
1,2013,58,20139.55,24.45,34.15,3.2,-99,0
1,2013,59,21316.54,26.66,36.56,3.43,-99,3
1,2013,60,21604.64,24.4,34.8,3.16,-99,0
1,2013,61,21554.44,25.25,35.35,3.35,-99,3.6
1,2013,62,20271.65,23.24,33.84,3.11,-99,0
1,2013,63,20016.66,22.49,32.99,3.14,-99,0
1,2013,64,20575.76,24.76,34.26,3.22,-99,10.8
1,2013,65,21987.84,24.48,35.28,3.29,-99,0.4
1,2013,66,20917.6,23.59,33.99,3.15,-99,0
1,2013,67,21772.91,23.38,33.48,3.16,-99,17
1,2013,68,21123.49,24.56,34.56,3.32,-99,0
1,2013,69,21597.14,24.99,34.79,3.3,-99,0
1,2013,70,21630.66,24.87,34.87,3.34,-99,5
1,2013,71,19988.18,23.06,33.06,3.15,-99,0
1,2013,72,20606.3,23.83,34.23,3.2,-99,0.4
1,2013,73,20446.87,23.05,32.05,3.16,-99,0.8
1,2013,74,18672.2,23.87,32.17,3.17,-99,0
1,2013,75,19969.23,21.9,31.2,3.05,-99,0
1,2013,76,17109.79,24.7,31.9,3.34,-99,1.6
1,2013,77,19709.61,23,32,3.15,-99,0.4
1,2013,78,20147.72,22.4,30.6,3.04,-99,18.4
1,2013,79,19920.73,23.8,31.7,3.19,-99,0
1,2013,80,9209.36,23.9,29.4,3.16,-99,3.6
1,2013,81,13940.24,23.7,30.2,3.11,-99,0
1,2013,82,9386.04,24.3,28.9,3.15,-99,0
1,2013,83,23564.27,22.9,33,3.32,-99,0
1,2013,84,23719.32,22.8,33.3,3.3,-99,0.4
1,2013,85,22893.58,24.9,33.9,3.36,-99,0
1,2013,86,21728.89,24,34.4,3.2,-99,0
1,2013,87,17924.71,24.9,32.9,3.21,-99,0
1,2013,88,22533,24.6,32.9,3.22,-99,0.6
1,2013,89,17913.89,25.2,34.4,3.25,-99,0
1,2013,90,21992.12,23.9,35.3,3.21,-99,0
1,2013,91,20452.42,24.6,35.5,3.24,-99,0
1,2013,92,12036.35,23.8,32.1,3.1,-99,0
1,2013,93,18090.58,24.2,33.2,3.27,-99,0
1,2013,94,17787.69,25.7,33.5,3.35,-99,0
1,2013,95,18948.78,25.4,33,3.48,-99,4
1,2013,96,22633.96,25,35.2,3.47,-99,4.6
1,2013,97,20319,23.2,33,3.3,-99,0.2
1,2013,98,13637.35,25.1,29.9,3.19,-99,0.2
1,2013,99,20510.11,22.7,33.8,3.23,-99,0
1,2013,100,21494.51,24.9,34.5,3.25,-99,0
1,2013,101,23041.42,24.6,34.8,3.29,-99,0
1,2013,102,20163.95,25.7,33.8,3.35,-99,0
1,2013,103,21516.15,25.6,36.2,3.51,-99,0
1,2013,104,14870.55,26.4,34.1,3.38,-99,0
1,2013,105,14142.17,24.8,31.9,3.06,-99,0
1,2013,106,23639.99,24.4,37.9,3.5,-99,0
1,2013,107,24429.68,25.1,35.4,3.13,-99,3.2
1,2013,108,24054.67,23.7,35.4,3.37,-99,1.4
1,2013,109,16990.8,22.7,30.7,3.13,-99,7
1,2013,110,27033.11,22.4,32.6,3.08,-99,0.6
1,2013,111,9937.74,20.9,35.57,3.72,-99,37.4
1,2013,112,18999.26,23.4,31.9,3.25,-99,0
1,2013,113,16835.74,21.8,29.5,2.94,-99,30.2
1,2013,114,25414.08,22.7,33.2,3.08,-99,1.4
1,2013,115,24811.9,22.2,34.1,3.08,-99,0
1,2013,116,24674.88,22.5,33.7,2.98,-99,0
1,2013,117,23632.78,23.1,34.7,3.28,-99,0
1,2013,118,21361.09,23.6,33.4,3.04,-99,0
1,2013,119,15097.72,22.9,31.3,3.07,-99,0.2
1,2013,120,22511.36,23.9,33.7,3.22,-99,0
1,2013,121,17376.62,21.9,30.5,3.02,-99,27.6
1,2013,122,21494.51,24.4,33.3,3.38,-99,0.4
1,2013,123,13792.4,20.9,28.6,2.85,-99,53.6
1,2013,124,22969.31,22.7,32.6,3.17,-99,18.6
1,2013,125,11733.46,22.1,27.7,2.84,-99,8
1,2013,126,17441.53,23.8,30.4,3.2,-99,1.4
1,2013,127,9322.15,23.4,26.1,2.85,-99,2.2
1,2013,128,22002.94,22.6,31.1,3.1,-99,0.2
1,2013,129,11791.15,24.1,29.8,3.13,-99,0
1,2013,130,19648.31,23.2,31.8,3.14,-99,0
1,2013,131,18710.79,22.6,31.4,3.2,-99,9
1,2013,132,19197.58,23.8,31.9,3.26,-99,0
1,2013,133,12606.07,23.9,30.4,3.25,-99,1.8
1,2013,134,14592.9,24.8,31.9,3.38,-99,0.2
1,2013,135,13875.34,21.8,29.1,2.96,-99,18.8
1,2013,136,18516.07,24.6,32.1,3.39,-99,1.2
1,2013,137,9310.32,22.8,28.1,2.99,-99,5.2
1,2013,138,23239.74,23.2,32.5,3.31,-99,0
1,2013,139,9047.09,22.6,28,2.92,-99,9.2
1,2013,140,24454.92,21.6,32.8,3.13,-99,2.4
1,2013,141,12014.71,22.2,28.6,3.01,-99,13.4
1,2013,142,17131.42,23.4,31.8,3.26,-99,0
1,2013,143,19947.6,22.2,29.4,2.94,-99,2.6
1,2013,144,15360.95,23.8,29.3,3.08,-99,0.2
1,2013,145,20614.68,23.7,32.6,3.31,-99,0.2
1,2013,146,13489.51,22.4,28.9,2.9,-99,0.6
1,2013,147,17744.42,23.9,32.3,3.35,-99,0
1,2013,148,12010.03,22.9,33.28,3.64,-99,9
1,2013,149,19359.84,22.2,30.9,3.17,-99,0
1,2013,150,14077.26,23.6,29.5,3.12,-99,20
1,2013,151,18840.6,23.4,31.2,3.21,-99,0.4
1,2013,152,21429.6,23.1,31.6,3.11,-99,1.4
1,2013,153,24379.2,21.9,32.7,3.13,-99,0
1,2013,154,15627.78,22.9,32.2,3.15,-99,0
1,2013,155,21130.32,21.8,34.1,3.04,-99,0
1,2013,156,22305.83,23.5,33.8,3.01,-99,0
1,2013,157,19532.92,22.4,32.2,3.01,-99,0
1,2013,158,19352.63,22.4,33.7,3.15,-99,0
1,2013,159,19107.43,21.4,33.8,2.84,-99,0
1,2013,160,19464.41,21.8,34.1,2.92,-99,0
1,2013,161,15072.48,22.8,33.1,3.1,-99,0
1,2013,162,19853.85,21.7,32.7,3,-99,0
1,2013,163,19839.42,23.2,32.5,3.13,-99,0.8
1,2013,164,21094.26,23.2,33.6,3.15,-99,0
1,2013,165,19460.81,23.3,35.1,3.19,-99,0
1,2013,166,19060.56,22.4,34.4,3.06,-99,0
1,2013,167,23971.73,24.2,34.7,3.16,-99,0
1,2013,168,18873.05,23.7,34.2,3.25,-99,0
1,2013,169,19792.55,23.3,34.4,3.28,-99,0
1,2013,170,15072.48,23.3,34.3,3.24,-99,0
1,2013,171,21032.96,24,35.2,3.2,-99,0
1,2013,172,21317.82,21.7,34.7,2.93,-99,0
1,2013,173,18166.3,22.8,34.4,3.1,-99,0
1,2013,174,17019.64,24.3,34,3.45,-99,14.4
1,2013,175,16633.82,24.4,32.4,3.09,-99,0
1,2013,176,22590.69,23.2,33.3,3.21,-99,0.4
1,2013,177,21454.85,24.6,34.9,3.43,-99,0
1,2013,178,19367.06,23.3,33.6,3.26,-99,5.2
1,2013,179,21617.11,24.6,33.1,2.9,-99,0
1,2013,180,20856.27,23.3,33,3.2,-99,0
1,2013,181,16359.77,22.25,28.8,2.92,-99,95.6
1,2013,182,15360.95,23.1,30.7,3.19,-99,0.8
1,2013,183,18782.91,21.9,32.2,3.05,-99,0
1,2013,184,18115.82,22.3,32.5,3.16,-99,0.2
1,2013,185,19067.77,23.1,31.8,3.13,-99,0
1,2013,186,17553.31,21,29.4,2.82,-99,16.2
1,2013,187,23008.97,23,34.6,3.01,-99,0
1,2013,188,20834.64,21.3,34.6,2.93,-99,0
1,2013,189,23091.9,22.7,33.8,2.97,-99,0.8
1,2013,190,17780.48,23.3,31.7,2.73,-99,0
1,2013,191,14253.95,23.4,29.8,2.62,-99,0
1,2013,192,20109.86,21.8,32.7,2.8,-99,0.4
1,2013,193,19731.25,22.1,31.9,2.98,-99,0.6
1,2013,194,22305.83,22.4,34.7,3.05,-99,0
1,2013,195,22525.79,23.5,35.3,3.09,-99,0
1,2013,196,16633.82,22.9,33.1,3.03,-99,0.2
1,2013,197,17153.06,23.8,32.8,2.68,-99,0
1,2013,198,22983.73,23.7,34.6,2.69,-99,0
1,2013,199,14358.52,23.4,32.5,2.81,-99,0
1,2013,200,11037.53,23.2,30.8,2.95,-99,0
1,2013,201,16626.6,23.1,32.7,2.99,-99,0
1,2013,202,19778.12,22.2,35.7,2.93,-99,0
1,2013,203,18800.94,22.8,35.8,2.95,-99,0
1,2013,204,19370.66,21.2,32.2,3.04,-99,20.2
1,2013,205,23030.61,22.3,35.2,2.96,-99,0
1,2013,206,19399.51,21.6,33.2,2.58,-99,0
1,2013,207,19951.2,24.4,33.2,2.43,-99,0
1,2013,208,22298.62,23.3,34.8,2.34,-99,0
1,2013,209,20798.58,24.1,34.8,2.27,-99,0
1,2013,210,21563.02,24.8,35.3,2.45,-99,0
1,2013,211,13886.15,24.4,32.7,2.41,-99,0
1,2013,212,20189.19,22.9,36,2.88,-99,0
1,2013,213,20932,21.7,34.9,2.79,-99,0
1,2013,214,19410.33,22.3,33.3,2.9,-99,2.2
1,2013,215,14751.56,23.7,35.4,3.18,-99,0
1,2013,216,21018.54,23.5,33.8,2.75,-99,0
1,2013,217,19183.16,21.3,35.1,2.97,-99,0
1,2013,218,24137.6,24.1,36.7,2.94,-99,0
1,2013,219,14838.1,23.1,31.7,2.81,-99,0.2
1,2013,220,16532.85,22.4,33.1,3.13,-99,0.4
1,2013,221,21252.92,23,34.2,3.03,-99,0
1,2013,222,17704.76,21.6,31,2.95,-99,24.8
1,2013,223,16287.65,23.8,30.7,3.11,-99,1
1,2013,224,25882.84,23.2,34.9,3.16,-99,0.2
1,2013,225,19940.39,23.1,31.8,3.16,-99,9.8
1,2013,226,23200.08,23.7,33.3,3.04,-99,0
1,2013,227,20081.01,23.8,34.1,2.91,-99,0
1,2013,228,25662.88,23.2,36.5,2.8,-99,0
1,2013,229,15930.67,24.6,32.9,2.98,-99,0.6
1,2013,230,17867.02,23.1,32.4,2.91,-99,0
1,2013,231,22155.74,24.9,37.4,3.28,-99,0
1,2013,232,21688.38,25.6,38.2,3.18,-99,0
1,2013,233,18891.08,22.2,33.7,2.7,-99,0
1,2013,234,23549.85,22.3,34.9,2.82,-99,0
1,2013,235,13821.25,22.4,32.7,2.92,-99,0
1,2013,236,15202.29,22.8,32.1,3.02,-99,0
1,2013,237,20257.7,23.6,32.9,3.13,-99,0
1,2013,238,15332.1,23.4,31,2.91,-99,0.2
1,2013,239,18656.7,20.7,34.7,2.82,-99,0
1,2013,240,20225.25,23.6,35.2,2.81,-99,0
1,2013,241,13045.99,24,32.9,2.38,-99,0
1,2013,242,17315.32,22.2,35.8,2.48,-99,0
1,2013,243,24490.98,22.9,37.1,2.95,-99,0
1,2013,244,19925.96,22.9,35.9,2.51,-99,0
1,2013,245,22796.22,23.6,35.3,2.97,-99,0
1,2013,246,22936.85,24,33.8,2.94,-99,0.4
1,2013,247,17841.78,23.6,33.1,2.95,-99,0
1,2013,248,23611.15,22.9,37.3,2.92,-99,0
1,2013,249,18548.53,24.7,36.6,2.59,-99,0
1,2013,250,21746.92,24.6,34.6,3.05,-99,0
1,2013,251,11661.34,25,38.84,4.14,-99,1
1,2013,252,21407.97,23.6,34.2,3.09,-99,0
1,2013,253,21779.37,23.2,35.6,2.68,-99,0
1,2013,254,23960.92,23.9,36.8,2.86,-99,0
1,2013,255,23438.07,24.7,34.4,3.03,-99,0
1,2013,256,23102.72,24.4,35.2,2.97,-99,0
1,2013,257,19327.39,24.9,33.7,3.13,-99,0
1,2013,258,12256.31,22.2,32.3,2.78,-99,0
1,2013,259,18894.69,22.3,35.6,2.89,-99,0
1,2013,260,8693.72,23.1,33.34,3.43,-99,12
1,2013,261,20213.47,22.4,34.1,3.23,-99,0.2
1,2013,262,21054.6,23.6,34.4,2.88,-99,0
1,2013,263,19788.94,23.6,35.8,2.76,-99,0
1,2013,264,26225.39,23.74,37.1,2.91,-99,0
1,2013,265,23441.67,23.1,36.4,2.78,-99,0
1,2013,266,22356.31,23.2,37.9,2.84,-99,0
1,2013,267,23777.02,24.6,37.1,2.68,-99,0
1,2013,268,24444.34,23.6,37.7,2.61,-99,0
1,2013,269,21819.04,26.1,37.5,2.62,-99,0
1,2013,270,22706.08,24.4,38,3.03,-99,0
1,2013,271,22165.2,24.5,36.2,3.01,-99,1.6
1,2013,272,21819.04,21.5,37.21,3.77,-99,16.2
1,2013,273,23953.7,24.7,34.5,3.25,-99,0
1,2013,274,22219.29,25.4,32.6,3.36,-99,0
1,2013,275,25543.89,23.8,35.1,3.08,-99,0
1,2013,276,19208.4,23.6,32.5,3.07,-99,1.4
1,2013,277,18541.31,23.8,32.8,2.82,-99,0
1,2013,278,25962.17,22.6,35.4,3.1,-99,0
1,2013,279,23066.66,23.6,35.2,3.02,-99,0
1,2013,280,13399.36,23.8,32.9,2.95,-99,0
1,2013,281,20722.86,24,34.8,3.02,-99,0
1,2013,282,19651.92,23.3,34.7,2.96,-99,0
1,2013,283,13943.85,24.5,33.1,3.2,-99,0.4
1,2013,284,15591.72,24.6,32.8,3.05,-99,0
1,2013,285,19601.44,22.9,31.5,3.05,-99,17.4
1,2013,286,15285.23,22.7,28.9,2.91,-99,34.2
1,2013,287,13431.82,22.9,29.7,3.03,-99,4.8
1,2013,288,20225.25,22.3,31.8,3.1,-99,0
1,2013,289,12097.65,23.9,28.2,3.02,-99,22.8
1,2013,290,18436.74,22.1,32.6,3.13,-99,1.2
1,2013,291,23813.08,23.5,34.8,3.26,-99,0.6
1,2013,292,25003.01,22.2,35.6,3.17,-99,0
1,2013,293,21963.27,24.5,33.3,3.18,-99,0
1,2013,294,22089.48,23.3,32.5,3.1,-99,0
1,2013,295,14939.06,22.7,29.4,2.94,-99,42
1,2013,296,25197.72,23.3,33.4,3.2,-99,0
1,2013,297,23603.94,22.2,32,3.1,-99,1.4
1,2013,298,22388.76,22.8,33.8,3.16,-99,0
1,2013,299,24678.48,23.8,35,3.31,-99,0
1,2013,300,9894.47,24.1,29.1,3.05,-99,40.8
1,2013,301,24083.52,22.9,32.8,3.17,-99,0
1,2013,302,18346.6,23.2,33.2,3.15,-99,0.4
1,2013,303,21563.02,24.8,32.7,3.2,-99,0
1,2013,304,21469.27,23.59,31.4,3.14,-99,0
1,2013,305,20026.93,23.7,32,3.03,-99,0
1,2013,306,24144.81,24.1,33.7,3.03,-99,0
1,2013,307,18306.93,24.9,32.4,2.88,-99,0
1,2013,308,14733.53,24.2,29.7,2.93,-99,0
1,2013,309,17091.76,23.5,29.4,3.08,-99,5
1,2013,310,17098.97,23.4,30.4,3.15,-99,1.8
1,2013,311,15613.36,24.1,30.2,3.16,-99,2.8
1,2013,312,22926.04,23.9,32.2,3.16,-99,0.4
1,2013,313,20383.91,24.1,31,3.09,-99,0
1,2013,314,17740.81,21.7,29.6,2.94,-99,26.6
1,2013,315,23326.29,23.4,32.6,3.26,-99,0
1,2013,316,18061.74,24.2,32,3.28,-99,0.2
1,2013,317,14167.41,23.9,30.8,3.14,-99,0
1,2013,318,16143.42,22.6,30.2,2.99,-99,0.4
1,2013,319,21624.32,23.9,33.6,3.21,-99,0
1,2013,320,16799.69,24.3,33.6,3.35,-99,0
1,2013,321,19121.86,22.1,31.8,3.08,-99,12
1,2013,322,12414.96,24.2,30.2,3.22,-99,1
1,2013,323,17452.35,23.1,31.4,3.06,-99,0
1,2013,324,19998.08,23.5,32.6,3.16,-99,0
1,2013,325,18415.11,22.4,31.7,3.08,-99,0.4
1,2013,326,18296.12,22.7,30.7,3.04,-99,2.2
1,2013,327,11181.76,23.8,29,3.1,-99,7.4
1,2013,328,13089.26,23.2,29.6,3.07,-99,2
1,2013,329,8816.32,23.2,27.8,2.98,-99,0.2
1,2013,330,20863.49,22.8,32.1,3.17,-99,0.4
1,2013,331,20614.68,21.8,31.3,3.04,-99,5.6
1,2013,332,17272.05,23.8,31.3,3.17,-99,0
1,2013,333,14037.6,23.7,30.4,3.11,-99,0.2
1,2013,334,17560.52,24.1,32.2,3.3,-99,0
1,2013,335,19141.58,21.89,33.49,3.2,-99,2.4
1,2013,336,11740.67,22.6,27.8,2.89,-99,4.4
1,2013,337,14329.67,23.4,29.2,2.99,-99,0
1,2013,338,21711.98,22.9,36.33,2.79,-99,0.4
1,2013,339,19633.89,22.7,32.6,3.21,-99,1
1,2013,340,22154.38,22.2,32.6,3.16,-99,2
1,2013,341,11592.83,23.4,28.2,2.97,-99,26
1,2013,342,19233.64,22.2,29.4,2.96,-99,5.8
1,2013,343,14430.64,24.7,29.9,3.16,-99,60
1,2013,344,14989.55,24.1,30.1,3.16,-99,0
1,2013,345,19817.79,23,32.6,3.29,-99,0
1,2013,346,18584.58,23.5,31.7,3.17,-99,0
1,2013,347,13677.01,22.3,28.8,2.96,-99,13.8
1,2013,348,15407.82,24.6,30.8,3.29,-99,1
1,2013,349,12137.31,24.1,30.5,3.26,-99,9.2
1,2013,350,19998.08,23,31.3,3.16,-99,0.2
1,2013,351,17769.66,24.1,29.9,3.14,-99,0.2
1,2013,352,18375.44,23.4,31.8,3.23,-99,4.8
1,2013,353,21707.26,23.2,32.1,3.17,-99,0.2
1,2013,354,13056.81,24.2,30.1,3.06,-99,0
1,2013,355,14044.81,24.4,31.2,3.2,-99,0
1,2013,356,8502.61,23.3,27.4,2.82,-99,0.6
1,2013,357,12016.88,22.2,36.97,4.16,-99,11
1,2013,358,19612.25,22,29.8,3,-99,0.2
1,2013,359,21948.85,22.1,32.8,3.15,-99,0
1,2013,360,18321.36,23.7,31.7,3.2,-99,0
1,2013,361,20492.08,22.9,32.2,3.22,-99,2.4
1,2013,362,23171.23,22.8,34.9,3.34,-99,0
1,2013,363,22323.86,22.8,35.1,3.27,-99,0
1,2013,364,17859.81,24.1,33.2,3.32,-99,0.2
1,2013,365,21043.78,23.9,33.3,3.34,-99,0.6
