*-----------------------------------------------------------
*  Station Name: IRRI-Wetland, Los Banos, Laguna
*  Author: Climate Unit, IRRI             nil value: -99.
*  Source: International Rice Research Institute (IRRI)
*  Comments: This file is extracted from CLICOM database.
*  Longitude: 121 15 E  Latitude: 14 11 N  Altitude: 21.0 m
*
*  Date: January-December 2008
*
*  Column    Daily Value
*     1      Station number
*     2      Year
*     3      Day
*     4      irradiance         KJ m-2 d-1
*     5      min temperature            oC
*     6      max temperature            oC
*     7      vapor pressure            kPa
*     8      mean wind speed         m s-1
*     9      precipitation          mm d-1
*-----------------------------------------------------------                                     
121.25, 14.18, 21.00, 0.000, 0.000
    1,2008,  1, 16379.00, 21.60, 29.00,  2.38,  1.90,  0.00
    1,2008,  2, 15911.00, 22.20, 29.20,  2.51,  2.30,  0.00
    1,2008,  3, 16631.00, 21.50, 29.00,  2.50,  2.50,  0.00
    1,2008,  4, 18251.00, 22.10, 29.00,  2.52,  2.40,  0.00
    1,2008,  5, 11519.00, 21.60, 29.00,  2.61,  1.10,  0.90
    1,2008,  6, 15119.00, 19.90, 29.40,  2.59,  1.40,  0.40
    1,2008,  7, 10475.00, 21.20, 28.00,  2.72,  1.20,  2.20
    1,2008,  8, 16739.00, 22.00, 30.00,  2.62,  1.10,  0.00
    1,2008,  9, 18862.00, 20.60, 29.50,  2.51,  1.70,  0.00
    1,2008, 10, 12095.00, 21.90, 28.20,  2.58,  2.40,  1.10
    1,2008, 11,  9467.00, 22.00, 26.50,  2.42,  2.50,  0.00
    1,2008, 12,  9611.00, 22.80, 27.10,  2.30,  1.80,  0.00
    1,2008, 13, 12023.00, 22.50, 28.00,  2.33,  1.40,  0.60
    1,2008, 14, 11159.00, 21.60, 26.60,  2.42,  1.40,  0.00
    1,2008, 15, 17135.00, 19.30, 28.40,  2.29,  1.40,  0.00
    1,2008, 16, 18970.00, 19.60, 28.50,  2.36,  1.00,  0.00
    1,2008, 17, 16955.00, 19.20, 29.00,  2.39,  1.10,  0.00
    1,2008, 18, 14471.00, 20.00, 29.00,  2.42,  1.30,  0.00
    1,2008, 19, 12455.00, 21.00, 28.60,  2.58,  1.10,  0.70
    1,2008, 20, 18215.00, 19.50, 30.50,  2.41,  1.30,  0.00
    1,2008, 21, 18611.00, 22.50, 29.50,  2.45,  2.10,  0.00
    1,2008, 22, 14723.00, 22.00, 28.50,  2.39,  2.00,  0.00
    1,2008, 23, 16667.00, 21.40, 29.00,  2.32,  2.10,  0.00
    1,2008, 24, 14039.00, 21.70, 29.10,  2.52,  1.20,  0.00
    1,2008, 25, 11735.00, 22.00, 28.60,  2.70,  1.60,  0.00
    1,2008, 26, 18611.00, 22.40, 30.50,  2.41,  1.80,  0.00
    1,2008, 27, 19078.00, 21.60, 29.00,  2.41,  3.30,  0.00
    1,2008, 28, 10691.00, 22.20, 27.10,  2.28,  1.90,  0.40
    1,2008, 29,  9539.00, 22.50, 27.20,  2.66,  1.90,  1.60
    1,2008, 30, 17819.00, 22.60, 29.00,  2.60,  1.40,  0.00
    1,2008, 31, 19726.00, 22.20, 31.90,  2.71,  1.10,  0.00
    1,2008, 32, 10871.00, 23.20, 28.00,  2.50,  2.50,  0.00
    1,2008, 33, 12707.00, 22.70, 27.70,  2.49,  2.70,  0.00
    1,2008, 34,  9827.00, 22.90, 28.20,  2.65,  1.90,  0.10
    1,2008, 35,  9287.00, 23.20, 27.50,  2.73,  1.10,  3.80
    1,2008, 36, 17675.00, 21.60, 30.10,  2.67,  1.40,  0.00
    1,2008, 37, 14543.00, 22.40, 29.90,  2.62,  1.90,  0.00
    1,2008, 38, 19006.00, 21.00, 31.20,  2.56,  1.30,  0.00
    1,2008, 39, 18539.00, 21.00, 30.00,  2.50,  1.80,  0.00
    1,2008, 40, 15587.00, 22.30, 29.00,  2.53,  2.10,  0.00
    1,2008, 41, 18647.00, 22.00, 30.00,  2.55,  2.20,  0.00
    1,2008, 42, 18503.00, 20.60, 29.80,  2.49,  1.70,  0.00
    1,2008, 43, 20842.00, 20.60, 30.70,  2.48,  1.90,  0.00
    1,2008, 44, 20482.00, 21.20, 30.50,  2.48,  1.40,  0.00
    1,2008, 45, 18647.00, 21.90, 30.00,  2.54,  2.00,  0.00
    1,2008, 46, 16163.00, 21.70, 31.50,  2.76,  1.60,  0.00
    1,2008, 47, 19654.00, 21.10, 31.10,  2.68,  1.30,  0.00
    1,2008, 48, 19402.00, 22.40, 31.90,  2.72,  1.70,  0.00
    1,2008, 49, 19186.00, 21.40, 32.10,  2.63,  1.10,  0.00
    1,2008, 50, 20734.00, 21.30, 31.50,  2.76,  1.20,  0.00
    1,2008, 51, 19186.00, 19.70, 31.60,  2.64,  1.30,  0.00
    1,2008, 52,  5400.00, 23.00, 25.00,  2.53,  1.10,  8.60
    1,2008, 53, 10871.00, 22.50, 27.50,  2.53,  1.50,  4.40
    1,2008, 54, 22030.00, 21.50, 29.50,  2.49,  1.80,  0.00
    1,2008, 55, 21130.00, 20.70, 29.00,  2.45,  2.10,  0.00
    1,2008, 56, 18934.00, 21.50, 28.10,  2.30,  3.00,  0.00
    1,2008, 57, 13823.00, 19.70, 26.00,  1.86,  2.40,  0.00
    1,2008, 58, 18539.00, 19.00, 27.80,  1.95,  2.80,  0.20
    1,2008, 59, 18683.00, 19.50, 29.50,  2.45,  2.30,  0.00
    1,2008, 60, 15443.00, 22.00, 29.20,  2.59,  2.20,  0.00
    1,2008, 61, 18719.00, 22.00, 31.00,  2.62,  2.00,  0.00
    1,2008, 62, 19114.00, 21.00, 31.80,  2.59,  1.40,  0.00
    1,2008, 63, 18539.00, 22.00, 31.50,  2.69,  1.50,  0.00
    1,2008, 64, 22570.00, 22.00, 30.80,  2.63,  1.60,  0.00
    1,2008, 65, 21130.00, 20.80, 32.10,  2.65,  1.30,  0.00
    1,2008, 66, 21058.00, 21.60, 31.50,  2.58,  1.40,  0.00
    1,2008, 67, 23398.00, 21.70, 30.70,  2.58,  1.60,  0.00
    1,2008, 68, 22894.00, 21.80, 32.00,  2.58,  1.40,  0.00
    1,2008, 69, 23470.00, 21.70, 31.00,  2.55,  1.60,  0.00
    1,2008, 70, 20986.00, 22.20, 31.50,  2.67,  1.70,  0.00
    1,2008, 71, 22714.00, 21.50, 31.20,  2.63,  2.20,  0.00
    1,2008, 72, 24802.00, 21.00, 30.90,  2.48,  2.20,  0.00
    1,2008, 73, 22426.00, 20.90, 30.50,  2.48,  2.40,  0.00
    1,2008, 74, 23146.00, 22.70, 31.10,  2.67,  2.50,  0.60
    1,2008, 75, 20590.00, 22.20, 31.20,  2.70,  2.10,  0.00
    1,2008, 76, 24262.00, 21.10, 30.00,  2.43,  2.20,  0.00
    1,2008, 77, 22390.00, 21.40, 31.50,  2.64,  1.60,  0.00
    1,2008, 78, 20734.00, 22.40, 31.40,  2.72,  1.50,  0.00
    1,2008, 79, 13139.00, 24.50, 29.80,  2.97,  1.60, 37.80
    1,2008, 80, 22390.00, 23.80, 31.00,  2.88,  2.40,  0.00
    1,2008, 81, 23110.00, 24.10, 31.40,  2.65,  2.30,  0.00
    1,2008, 82, 14219.00, 23.00, 28.70,  2.68,  2.10,  0.00
    1,2008, 83, 24694.00, 22.10, 31.60,  2.70,  2.20,  0.00
    1,2008, 84, 20374.00, 22.00, 30.00,  2.61,  2.10,  0.00
    1,2008, 85, 17351.00, 21.90, 30.90,  2.66,  1.70,  0.00
    1,2008, 86, 13391.00, 23.00, 32.00,  2.86,  1.30,  0.00
    1,2008, 87, 22246.00, 23.50, 31.50,  2.74,  2.20,  0.80
    1,2008, 88, 22894.00, 24.00, 31.00,  2.90,  2.20,  0.00
    1,2008, 89, 17459.00, 23.80, 30.50,  2.67,  2.10,  0.00
    1,2008, 90, 24802.00, 22.90, 32.00,  2.69,  2.10,  0.00
    1,2008, 91, 18179.00, 22.80, 32.00,  2.80,  1.50,  0.00
    1,2008, 92, 25018.00, 22.50, 30.70,  2.64,  2.00,  0.00
    1,2008, 93, 24658.00, 21.90, 31.00,  2.68,  1.80,  0.00
    1,2008, 94, 21634.00, 22.50, 32.40,  2.75,  1.20,  0.00
    1,2008, 95, 23866.00, 23.30, 33.50,  2.83,  1.20,  0.00
    1,2008, 96, 23542.00, 24.00, 32.00,  2.98,  1.90,  0.00
    1,2008, 97, 21742.00, 23.30, 32.60,  2.74,  1.50,  0.00
    1,2008, 98, 23218.00, 22.40, 32.10,  2.55,  1.60,  3.20
    1,2008, 99, 23074.00, 24.00, 32.00,  2.90,  2.20,  0.00
    1,2008,100, 20266.00, 22.50, 32.80,  2.79,  1.60,  0.00
    1,2008,101, 21382.00, 22.30, 34.50,  2.84,  1.30,  0.00
    1,2008,102, 19942.00, 23.00, 34.00,  2.79,  1.40,  0.00
    1,2008,103, 23866.00, 22.60, 32.50,  2.95,  1.30,  0.00
    1,2008,104, 23974.00, 21.40, 35.00,  2.58,  1.50,  0.00
    1,2008,105, 14651.00, 23.20, 32.30,  2.80,  1.10, 29.60
    1,2008,106, 19006.00, 22.00, 32.20,  2.96,  0.90,  0.00
    1,2008,107, 19474.00, 23.50, 33.20,  3.01,  1.10,  0.00
    1,2008,108, 22066.00, 24.70, 32.00,  2.89,  1.60,  0.00
    1,2008,109, 20626.00, 24.00, 34.00,  3.06,  1.00,  0.40
    1,2008,110, 20194.00, 24.20, 33.20,  3.27,  1.00,  0.00
    1,2008,111, 21634.00, 24.20, 34.50,  3.09,  1.00,  0.00
    1,2008,112, 20158.00, 25.50, 34.10,  2.99,  1.70,  0.00
    1,2008,113, 21742.00, 23.70, 35.40,  3.14,  1.00,  0.00
    1,2008,114, 21598.00, 24.10, 33.60,  3.14,  1.70,  0.00
    1,2008,115, 24226.00, 24.10, 32.50,  2.98,  2.50,  1.40
    1,2008,116, 24298.00, 24.40, 33.00,  2.91,  2.20,  0.60
    1,2008,117, 25558.00, 24.40, 32.80,  2.98,  2.30,  0.00
    1,2008,118, 21634.00, 24.40, 33.00,  2.94,  1.30,  0.00
    1,2008,119, 21238.00, 24.90, 33.00,  2.92,  1.90,  0.00
    1,2008,120, 24478.00, 24.00, 33.00,  2.77,  1.90,  0.00
    1,2008,121, 24478.00, 24.00, 33.90,  2.94,  1.50,  0.00
    1,2008,122, 23326.00, 25.00, 33.50,  2.89,  2.10,  0.00
    1,2008,123, 25990.00, 24.30, 31.70,  2.49,  2.40,  0.00
    1,2008,124, 25666.00, 23.00, 32.50,  2.78,  2.80,  0.00
    1,2008,125, 16523.00, 23.60, 33.00,  2.77,  2.10,  0.00
    1,2008,126, 24514.00, 25.50, 33.10,  2.82,  2.40,  0.00
    1,2008,127, 23110.00, 23.60, 32.80,  2.79,  2.30,  0.00
    1,2008,128, 22894.00, 24.90, 33.00,  2.82,  1.80,  0.00
    1,2008,129, 18503.00, 23.70, 34.00,  3.04,  1.20,  0.10
    1,2008,130, 23506.00, 25.00, 34.50,  3.09,  1.40,  0.00
    1,2008,131, 19078.00, 25.00, 33.10,  3.09,  1.10,  0.00
    1,2008,132, 24010.00, 24.70, 33.10,  2.91,  2.30,  0.00
    1,2008,133, 15587.00, 25.00, 32.20,  2.94,  1.60, 18.00
    1,2008,134, 25666.00, 24.80, 32.10,  3.01,  2.30,  0.00
    1,2008,135, 21058.00, 25.00, 33.50,  3.04,  1.90,  4.60
    1,2008,136, 22534.00, 25.10, 33.70,  2.97,  1.40,  0.00
    1,2008,137, 21706.00, 25.10, 34.50,  3.09,  1.20,  0.00
    1,2008,138, 16739.00, 25.20, 33.70,  3.19,  1.20,  0.00
    1,2008,139, 21418.00, 24.40, 34.00,  3.24,  1.60,  6.00
    1,2008,140, 18862.00, 24.50, 32.70,  3.11,  1.20,  0.00
    1,2008,141, 21958.00, 23.70, 34.00,  3.05,  1.50,  2.60
    1,2008,142, 16811.00, 24.60, 33.30,  3.25,  1.00,  1.40
    1,2008,143, 16163.00, 24.80, 32.70,  3.24,  1.00,  2.60
    1,2008,144, 14975.00, 23.60, 32.50,  3.01,  1.10,  3.40
    1,2008,145, 21562.00, 23.50, 34.50,  2.84,  1.10,  0.00
    1,2008,146, 17027.00, 25.10, 33.50,  3.19,  0.90,  0.00
    1,2008,147, 20482.00, 24.20, 34.20,  2.96,  1.10,  0.00
    1,2008,148, 17891.00, 24.00, 35.50,  3.18,  1.40, 41.20
    1,2008,149, 23434.00, 24.50, 33.10,  3.21,  1.50, 23.40
    1,2008,150, 17423.00, 24.50, 33.00,  3.06,  1.00,  0.40
    1,2008,151, 12779.00, 25.00, 31.90,  3.00,  1.20,  1.40
    1,2008,152, 13247.00, 24.90, 33.10,  3.28,  1.30,  0.00
    1,2008,153, 13931.00, 25.70, 32.00,  2.92,  1.20,  2.40
    1,2008,154, 15515.00, 24.60, 32.30,  3.02,  0.90,  0.00
    1,2008,155, 24154.00, 25.20, 34.20,  2.98,  1.50,  0.00
    1,2008,156, 22534.00, 24.50, 34.30,  3.18,  1.20,  0.00
    1,2008,157, 23974.00, 23.70, 35.00,  3.09,  1.40,  0.00
    1,2008,158, 20158.00, 25.50, 34.50,  3.20,  1.50,  0.00
    1,2008,159, 19798.00, 26.40, 34.60,  3.10,  1.50,  5.90
    1,2008,160, 18934.00, 24.60, 33.50,  2.84,  1.30,  0.00
    1,2008,161, 20230.00, 25.60, 34.20,  2.88,  1.60,  0.00
    1,2008,162, 18575.00, 25.00, 34.00,  2.98,  1.40,  2.50
    1,2008,163, 22498.00, 25.50, 33.50,  3.14,  2.00,  0.00
    1,2008,164, 19942.00, 25.60, 33.60,  3.07,  1.40,  0.50
    1,2008,165, 20842.00, 25.10, 34.50,  3.09,  1.40,  0.10
    1,2008,166, 21670.00, 25.50, 34.00,  3.15,  1.60,  2.90
    1,2008,167, 20302.00, 24.50, 33.80,  3.19,  1.50,  0.00
    1,2008,168, 18934.00, 25.50, 32.80,  3.01,  1.30,  0.20
    1,2008,169, 22462.00, 25.00, 34.30,  3.01,  1.20,  0.00
    1,2008,170, 18467.00, 25.10, 34.50,  3.07,  1.20,  0.20
    1,2008,171, 22606.00, 25.20, 34.60,  3.04,  1.50,  0.00
    1,2008,172, 12563.00, 25.50, 32.00,  2.99,  1.20, 31.90
    1,2008,173, 17927.00, 24.60, 33.80,  3.16,  1.00,  7.10
    1,2008,174, 18179.00, 25.00, 33.80,  3.10,  1.00,  0.00
    1,2008,175, 12923.00, 25.20, 32.60,  3.20,  1.20,  1.60
    1,2008,176, 15911.00, 23.90, 32.40,  3.12,  2.30,  0.00
    1,2008,177, 11447.00, 26.20, 30.50,  3.09,  1.80,  0.00
    1,2008,178,  6371.00, 25.70, 29.00,  2.93,  2.10,  3.40
    1,2008,179, 11195.00, 25.50, 31.50,  2.66,  1.70,  4.70
    1,2008,180, 21562.00, 24.50, 33.40,  2.96,  1.50,  0.00
    1,2008,181, 21382.00, 23.60, 34.10,  2.84,  1.70,  0.00
    1,2008,182, 16811.00, 26.00, 32.20,  3.14,  1.30,  0.00
    1,2008,183, 12419.00, 25.40, 30.00,  2.98,  1.20,  2.20
    1,2008,184, 13535.00, 24.00, 30.00,  2.89,  1.20,  0.30
    1,2008,185, 19654.00, 22.20, 33.00,  2.92,  1.40,  0.00
    1,2008,186, 20626.00, 23.50, 34.10,  3.16,  1.20,  0.00
    1,2008,187, 21742.00, 23.10, 33.50,  3.14,  1.20,  9.60
    1,2008,188, 21418.00, 22.40, 32.90,  3.12,  1.20,  0.00
    1,2008,189, 22102.00, 22.20, 33.20,  2.92,  0.90,  0.00
    1,2008,190, 22786.00, 23.70, 34.60,  3.04,  1.20,  0.00
    1,2008,191, 23110.00, 24.00, 33.30,  3.06,  2.10,  0.00
    1,2008,192,  8387.00, 25.70, 30.20,  3.02,  1.10, 13.40
    1,2008,193,  5256.00, 25.00, 29.00,  2.92,  2.40,  4.80
    1,2008,194, 17279.00, 24.60, 33.00,  3.05,  1.60, 42.10
    1,2008,195, 14579.00, 22.80, 31.40,  2.77,  1.10,  4.20
    1,2008,196, 13031.00, 23.80, 30.10,  3.02,  1.00, 28.60
    1,2008,197, 13211.00, 23.10, 30.30,  2.98,  0.80,  5.00
    1,2008,198, 18647.00, 22.90, 31.80,  3.12,  1.80,  0.00
    1,2008,199, 18251.00, 23.80, 32.00,  3.03,  1.00,  0.00
    1,2008,200, 10619.00, 23.50, 31.20,  2.98,  1.00,  3.40
    1,2008,201,  4320.00, 23.60, 27.00,  2.95,  1.10, 51.60
    1,2008,202,  4032.00, 24.50, 26.60,  2.90,  1.90, 30.80
    1,2008,203, 15047.00, 23.30, 30.80,  2.82,  1.30,  0.20
    1,2008,204, 18611.00, 23.70, 31.20,  2.96,  1.60,  0.00
    1,2008,205, 16343.00, 22.90, 32.00,  2.93,  0.80,  3.10
    1,2008,206, 14651.00, 24.30, 30.70,  2.83,  1.20,  1.60
    1,2008,207, 14399.00, 23.70, 31.10,  2.74,  1.20, 43.20
    1,2008,208, 10943.00, 24.50, 31.00,  2.92,  0.90,  1.10
    1,2008,209, 17783.00, 23.70, 31.70,  2.99,  1.10, 33.10
    1,2008,210, 15443.00, 23.20, 31.10,  3.01,  1.20, 37.50
    1,2008,211, 17819.00, 23.80, 31.00,  3.08,  1.30, 62.80
    1,2008,212, 19870.00, 23.80, 32.00,  2.98,  1.00, 16.90
    1,2008,213, 15443.00, 23.50, 30.60,  3.02,  0.80,  0.70
    1,2008,214, 16991.00, 24.00, 32.20,  2.97,  1.00,  2.00
    1,2008,215, 19222.00, 23.60, 32.10,  3.16,  0.90,  0.50
    1,2008,216, 20986.00, 24.00, 33.50,  3.16,  1.10,  0.40
    1,2008,217, 15443.00, 24.40, 32.00,  2.99,  0.80,  5.80
    1,2008,218, 24982.00, 23.00, 32.60,  2.94,  1.20,  0.00
    1,2008,219, 24334.00, 24.00, 33.00,  3.01,  1.20,  0.00
    1,2008,220, 21778.00, 24.00, 32.50,  3.04,  1.00,  0.00
    1,2008,221, 18754.00, 24.00, 33.00,  3.07,  1.10,  5.60
    1,2008,222,  8963.00, 23.70, 29.50,  3.07,  1.30,  4.70
    1,2008,223, 16631.00, 23.60, 30.70,  2.81,  1.00,  1.80
    1,2008,224, 24118.00, 22.70, 31.00,  2.64,  1.10,  0.00
    1,2008,225, 27142.00, 24.00, 32.10,  2.97,  1.30,  0.00
    1,2008,226, 17207.00, 23.50, 31.10,  3.14,  0.90,  0.20
    1,2008,227, 18107.00, 23.60, 31.60,  2.88,  2.00,  3.80
    1,2008,228, 16415.00, 24.70, 31.10,  2.99,  2.20, 16.90
    1,2008,229, 11987.00, 24.40, 30.00,  2.71,  2.20, 18.60
    1,2008,230,  7883.00, 25.10, 29.50,  2.91,  2.60, 64.00
    1,2008,231,  7163.00, 23.70, 28.30,  2.91,  3.10, 30.60
    1,2008,232,  3816.00, 24.40, 28.40,  2.95,  1.90, 18.40
    1,2008,233,  2268.00, 25.60, 28.60,  3.11,  1.90, 39.90
    1,2008,234, 10871.00, 24.00, 31.50,  2.94,  1.40,  3.40
    1,2008,235, 15011.00, 24.50, 30.80,  3.00,  1.10,  0.00
    1,2008,236, 19078.00, 23.60, 32.90,  3.02,  1.10,  0.00
    1,2008,237, 24370.00, 23.60, 32.90,  3.06,  1.20,  0.00
    1,2008,238, 12275.00, 24.40, 32.50,  2.99,  1.10,  2.50
    1,2008,239,  5148.00, 24.80, 30.00,  3.06,  1.80, 39.00
    1,2008,240,  2412.00, 23.70, 28.10,  3.05,  2.90, 19.60
    1,2008,241, 13607.00, 23.80, 30.50,  2.95,  6.60,  3.70
    1,2008,242, 11519.00, 26.80, 30.20,  2.85,  6.80, 13.00
    1,2008,243, 12995.00, 26.50, 30.20,  3.07,  6.00,  6.00
    1,2008,244, 12743.00, 26.00, 31.50,  3.00,  2.90,  2.00
    1,2008,245, 16595.00, 26.60, 33.00,  3.41,  1.90,  2.10
    1,2008,246, 13499.00, 26.30, 32.20,  3.15,  1.40,  2.30
    1,2008,247, 13103.00, 26.40, 31.00,  2.98,  2.40,  0.80
    1,2008,248, 10511.00, 27.00, 30.00,  2.99,  2.30,  0.00
    1,2008,249, 16199.00, 27.00, 32.00,  3.02,  1.80,  3.20
    1,2008,250, 17207.00, 23.60, 32.50,  2.92,  1.00,  0.00
    1,2008,251, 17963.00, 23.50, 31.40,  3.16,  0.80,  1.30
    1,2008,252, 14939.00, 23.70, 30.50,  3.20,  0.80,  2.80
    1,2008,253, 15227.00, 23.80, 31.00,  3.18,  0.90,  9.50
    1,2008,254, 17423.00, 23.20, 31.00,  3.06,  1.00, 30.00
    1,2008,255, 16559.00, 23.60, 31.50,  3.05,  0.90,  3.00
    1,2008,256, 23254.00, 23.20, 31.90,  3.05,  1.40,  0.00
    1,2008,257, 25306.00, 23.00, 31.70,  3.03,  1.00,  0.00
    1,2008,258, 19906.00, 23.50, 32.50,  3.13,  1.20, 10.60
    1,2008,259, 11339.00, 24.30, 30.20,  3.11,  0.90, 57.10
    1,2008,260, 18647.00, 23.30, 32.00,  2.93,  1.00,  0.30
    1,2008,261, 15623.00, 23.50, 31.80,  3.03,  0.80, 33.80
    1,2008,262, 16811.00, 23.50, 30.60,  3.02,  1.20,  2.90
    1,2008,263, 20086.00, 23.00, 31.50,  2.91,  0.90,  1.00
    1,2008,264,  8387.00, 24.10, 29.60,  3.08,  3.90, 25.40
    1,2008,265,  4788.00, 24.50, 28.20,  2.82,  3.30, 29.30
    1,2008,266, 14687.00, 24.40, 31.50,  2.78,  1.10,  0.00
    1,2008,267, 21742.00, 23.70, 31.60,  2.98,  0.80,  0.00
    1,2008,268, 25306.00, 23.60, 33.10,  3.12,  1.00,  0.00
    1,2008,269, 23542.00, 24.00, 32.50,  2.97,  1.30,  0.30
    1,2008,270, 24838.00, 24.40, 31.20,  2.95,  1.70,  0.00
    1,2008,271, 13715.00, 24.50, 30.50,  3.04,  0.90,  6.70
    1,2008,272, 21994.00, 24.70, 32.70,  3.12,  0.90,  0.00
    1,2008,273, 16595.00, 24.50, 32.50,  3.08,  0.80,  0.00
    1,2008,274, 17423.00, 23.60, 31.50,  2.86,  1.30,  3.60
    1,2008,275, 21238.00, 24.60, 31.70,  3.16,  1.20,  1.00
    1,2008,276, 20446.00, 24.50, 31.50,  3.13,  1.50,  0.00
    1,2008,277, 21526.00, 24.30, 31.70,  2.96,  1.50,  2.30
    1,2008,278, 18754.00, 24.00, 31.50,  3.06,  0.90,  0.00
    1,2008,279, 17999.00, 24.00, 30.60,  2.98,  1.20,  0.30
    1,2008,280, 15407.00, 24.00, 30.10,  2.92,  1.40, 12.10
    1,2008,281, 17387.00, 24.50, 31.10,  2.97,  1.50,  0.20
    1,2008,282, 23362.00, 24.60, 31.00,  2.87,  1.90,  0.40
    1,2008,283, 11375.00, 24.70, 30.00,  2.95,  1.00,  0.20
    1,2008,284, 16991.00, 23.50, 30.50,  2.92,  0.90,  0.00
    1,2008,285, 20158.00, 24.30, 32.80,  3.08,  0.90,  0.00
    1,2008,286, 22138.00, 23.60, 33.40,  2.89,  1.10,  0.00
    1,2008,287, 20770.00, 24.60, 32.70,  2.96,  1.30,  0.00
    1,2008,288, 16703.00, 24.50, 32.10,  3.04,  1.30,  3.30
    1,2008,289, 17387.00, 23.40, 30.70,  2.84,  2.10,  0.60
    1,2008,290, 20158.00, 24.60, 32.10,  2.91,  1.90,  0.30
    1,2008,291, 16631.00, 24.50, 31.30,  3.01,  1.60,  1.20
    1,2008,292, 15875.00, 24.50, 31.00,  2.84,  1.40, 19.70
    1,2008,293, 15695.00, 23.10, 31.20,  2.94,  0.90, 29.60
    1,2008,294, 23290.00, 23.00, 31.50,  2.79,  1.40,  0.00
    1,2008,295, 16055.00, 24.10, 31.70,  2.79,  1.00,  0.00
    1,2008,296, 12383.00, 24.50, 30.10,  2.80,  1.10,  0.00
    1,2008,297,  9755.00, 23.90, 29.50,  2.80,  0.60,  0.50
    1,2008,298, 11231.00, 24.60, 29.50,  2.98,  1.10,  0.00
    1,2008,299,  2736.00, 24.00, 26.50,  2.38,  2.10, 74.00
    1,2008,300,  8351.00, 22.00, 28.70,  2.91,  2.30,  4.00
    1,2008,301, 11879.00, 24.40, 32.00,  2.83,  0.80, 10.90
    1,2008,302, 21634.00, 23.50, 32.00,  2.97,  1.30,  0.00
    1,2008,303, 22426.00, 24.00, 32.00,  2.99,  1.30,  0.00
    1,2008,304, 14723.00, 23.30, 31.00,  2.90,  1.10,  2.40
    1,2008,305, 16991.00, 24.00, 31.50,  3.10,  1.50,  3.20
    1,2008,306, 15803.00, 24.00, 31.00,  2.81,  1.90, 65.10
    1,2008,307,  4644.00, 23.90, 26.50,  2.81,  1.50, 15.30
    1,2008,308, 13175.00, 23.40, 29.00,  2.81,  1.50,  0.40
    1,2008,309, 15623.00, 22.60, 29.00,  2.65,  1.70,  3.50
    1,2008,310, 21922.00, 21.80, 29.70,  2.64,  1.70,  0.00
    1,2008,311, 22606.00, 21.50, 30.50,  2.45,  1.20,  0.00
    1,2008,312, 19114.00, 20.40, 29.50,  2.45,  1.50,  0.00
    1,2008,313, 17243.00, 21.20, 28.70,  2.61,  1.60,  0.00
    1,2008,314,  7019.00, 22.70, 27.50,  2.68,  2.10,  3.10
    1,2008,315,  7883.00, 23.70, 27.70,  2.52,  2.10, 50.20
    1,2008,316,  3852.00, 23.50, 26.10,  2.82,  1.30,153.70
    1,2008,317,  6192.00, 23.40, 25.60,  2.83,  1.50, 34.80
    1,2008,318,  7703.00, 23.10, 28.60,  2.66,  1.40,  1.60
    1,2008,319, 13895.00, 23.30, 29.80,  2.78,  1.90,  9.50
    1,2008,320, 14399.00, 22.90, 28.60,  2.73,  1.60,  8.90
    1,2008,321, 14687.00, 23.60, 30.00,  2.94,  1.60, 22.50
    1,2008,322, 15875.00, 23.60, 30.00,  3.00,  1.20,  0.00
    1,2008,323, 14111.00, 23.50, 29.70,  2.65,  1.30,  1.20
    1,2008,324, 20806.00, 23.40, 30.80,  2.79,  1.00,  0.00
    1,2008,325, 15047.00, 23.30, 31.50,  2.86,  1.10,  1.50
    1,2008,326, 10727.00, 24.00, 28.00,  2.79,  1.90,  0.00
    1,2008,327, 12095.00, 23.80, 28.50,  2.68,  1.80,  0.00
    1,2008,328, 18467.00, 22.10, 29.50,  2.45,  2.20,  0.00
    1,2008,329, 17207.00, 21.40, 29.00,  2.44,  1.80,  0.00
    1,2008,330, 17783.00, 22.00, 29.00,  2.41,  1.70,  0.00
    1,2008,331, 15731.00, 20.10, 28.20,  2.31,  1.90,  0.00
    1,2008,332, 20590.00, 20.00, 29.00,  2.14,  2.00,  0.00
    1,2008,333, 21346.00, 19.00, 30.10,  2.37,  0.80,  0.00
    1,2008,334, 20122.00, 19.70, 31.00,  2.51,  1.00,  0.10
    1,2008,335,  9251.00, 23.10, 28.00,  2.73,  0.90,  5.40
    1,2008,336, 12203.00, 22.80, 28.00,  2.76,  1.60,  1.30
    1,2008,337, 11483.00, 22.60, 28.50,  2.81,  1.90,  4.30
    1,2008,338, 14039.00, 23.20, 28.50,  2.60,  2.40,  5.20
    1,2008,339, 16559.00, 23.20, 29.20,  2.68,  2.50, 12.00
    1,2008,340, 17999.00, 23.50, 29.50,  2.71,  2.50,  0.10
    1,2008,341, 18719.00, 22.60, 29.90,  2.83,  2.10,  0.50
    1,2008,342, 11267.00, 22.70, 29.00,  2.82,  1.20,  0.50
    1,2008,343, 15947.00, 23.00, 30.00,  2.85,  1.70,  0.20
    1,2008,344, 14615.00, 22.40, 29.50,  2.66,  1.60,  0.90
    1,2008,345, 14399.00, 22.00, 28.70,  2.65,  1.50,  0.00
    1,2008,346, 13175.00, 23.70, 28.70,  2.69,  1.90,  0.00
    1,2008,347, 23074.00, 21.50, 30.80,  2.58,  1.80,  0.00
    1,2008,348, 23650.00, 21.00, 31.00,  2.47,  1.80,  0.00
    1,2008,349, 12815.00, 22.00, 29.00,  2.62,  1.10,  0.00
    1,2008,350,  9791.00, 24.00, 27.20,  2.66,  1.30,  1.00
    1,2008,351, 14255.00, 21.50, 28.70,  2.56,  1.30,  0.10
    1,2008,352, 11735.00, 22.50, 27.80,  2.63,  1.60,  2.20
    1,2008,353, 19690.00, 21.20, 29.50,  2.52,  2.50, 24.20
    1,2008,354,  6192.00, 23.10, 27.70,  2.71,  1.80, 14.40
    1,2008,355, 15119.00, 22.50, 28.50,  2.44,  2.30,  0.00
    1,2008,356, 11627.00, 22.50, 28.00,  2.50,  1.70, 15.00
    1,2008,357, 14255.00, 22.40, 29.50,  2.71,  1.60,  3.40
    1,2008,358, 20518.00, 21.50, 28.50,  2.49,  2.10,  0.00
    1,2008,359,  9215.00, 21.50, 27.00,  2.14,  2.10,  0.90
    1,2008,360, 19330.00, 21.20, 28.60,  2.47,  3.00,  0.40
    1,2008,361, 14759.00, 22.00, 29.00,  2.53,  2.20,  6.00
    1,2008,362,  9683.00, 22.70, 27.00,  2.72,  1.70,  0.80
    1,2008,363,  9323.00, 23.50, 28.20,  2.80,  1.20,  0.00
    1,2008,364, 17531.00, 22.90, 29.60,  2.67,  1.70,  0.40
    1,2008,365, 21994.00, 20.70, 30.00,  2.57,  2.20,  0.00
    1,2008,366, 23650.00, 20.50, 29.50,  2.51,  1.70,  0.00
