-75,3.91,415,0,0
1,1991,1,20300.7,20,32,-99,-99,0
1,1991,2,20967.6,21.2,33,-99,-99,0
1,1991,3,14465.01,23,31.6,-99,-99,4.5
1,1991,4,10040.75,22.4,28.4,-99,-99,0
1,1991,5,16189.03,23,32,-99,-99,0
1,1991,6,16073.96,22.8,32.6,-99,-99,33.7
1,1991,7,16090.26,20.8,30.2,-99,-99,0
1,1991,8,21739.59,23,33,-99,-99,0
1,1991,9,21238.71,23,32.4,-99,-99,0
1,1991,10,20868.91,23,33.8,-99,-99,0
1,1991,11,15768.54,22.8,35,-99,-99,0
1,1991,12,19734.62,23,32.6,-99,-99,10.2
1,1991,13,23183.84,22.8,36,-99,-99,0
1,1991,14,22158.5,23,34.6,-99,-99,0
1,1991,15,22319.69,22.8,34,-99,-99,0
1,1991,16,23671.86,23,36,-99,-99,0
1,1991,17,23042.55,23,33,-99,-99,0
1,1991,18,20158.77,24,34,-99,-99,5
1,1991,19,23373.64,22.4,33,-99,-99,0
1,1991,20,21945.7,23,34,-99,-99,0
1,1991,21,22510.89,23.4,33,-99,-99,0
1,1991,22,23344.77,22.8,36,-99,-99,0
1,1991,23,22179.11,23,35,-99,-99,0
1,1991,24,23817.91,22.8,35,-99,-99,0
1,1991,25,22114.73,20,34.6,-99,-99,4.4
1,1991,26,22418.1,22,34.2,-99,-99,0
1,1991,27,19633.94,23,33,-99,-99,0
1,1991,28,22624.86,22.8,36,-99,-99,0
1,1991,29,23604.57,22.8,35.4,-99,-99,0
1,1991,30,14739.09,21.4,34,-99,-99,0
1,1991,31,19493.17,21,34.6,-99,-99,0
1,1991,32,22638.08,21,36.4,-99,-99,0
1,1991,33,21049.02,23,34.2,-99,-99,0
1,1991,34,14975.44,20,35.2,-99,-99,0
1,1991,35,13777.38,21.8,33.2,-99,-99,0
1,1991,36,21834.7,20,34,-99,-99,0
1,1991,37,14097.46,20,35,-99,-99,0
1,1991,38,15214.14,20,31.8,-99,-99,0
1,1991,39,22352.72,21.4,33.6,-99,-99,0
1,1991,40,19375.1,20.8,33,-99,-99,0
1,1991,41,11037.58,21.6,34.2,-99,-99,0
1,1991,42,12018.35,22,33,-99,-99,25.6
1,1991,43,15341.02,19,32.4,-99,-99,4
1,1991,44,14401.27,20,31,-99,-99,7
1,1991,45,18840.35,20,32.2,-99,-99,0
1,1991,46,13756.56,20,32,-99,-99,0
1,1991,47,14055.08,21,30,-99,-99,0
1,1991,48,19342.41,21.8,36.4,-99,-99,6
1,1991,49,11184.74,20.2,31.6,-99,-99,0
1,1991,50,20649.33,20.4,36.2,-99,-99,5
1,1991,51,14696.93,19,32.4,-99,-99,6
1,1991,52,21403.37,21.8,33.6,-99,-99,0
1,1991,53,21989.92,22,36,-99,-99,0
1,1991,54,24950.45,23,35,-99,-99,1.5
1,1991,55,19111.62,22.8,33.43,-99,-99,0
1,1991,56,15637.68,21.8,33.4,-99,-99,0
1,1991,57,20419.72,22,35.6,-99,-99,0
1,1991,58,20163.29,23,32,-99,-99,0
1,1991,59,22852.89,21.8,37,-99,-99,15.3
1,1991,60,14448.6,19,31,-99,-99,0
1,1991,61,18964.26,20,34.2,-99,-99,6
1,1991,62,14339.6,20,30,-99,-99,4.2
1,1991,63,19002.31,21.2,32.6,-99,-99,0
1,1991,64,16764.87,20,34.4,-99,-99,0
1,1991,65,19319.18,22,32,-99,-99,0.5
1,1991,66,11431.07,21.8,30,-99,-99,7.4
1,1991,67,22034.39,20,35,-99,-99,0
1,1991,68,20778.54,21.8,33,-99,-99,4.3
1,1991,69,10895.14,19,27.4,-99,-99,5.9
1,1991,70,20098.83,20,31.6,-99,-99,1
1,1991,71,11619.28,20,29.6,-99,-99,2.4
1,1991,72,21820.72,20.8,35,-99,-99,6
1,1991,73,19706.84,20,36,-99,-99,0.3
1,1991,74,26090.62,21.8,37,-99,-99,3.5
1,1991,75,25107.99,20,35.2,-99,-99,0
1,1991,76,24974,24.04,35.58,-99,-99,0
1,1991,77,25405.64,20,36.4,-99,-99,0
1,1991,78,22859.26,21.8,34.6,-99,-99,0
1,1991,79,23430.04,22,36.4,-99,-99,0
1,1991,80,23574.33,21.8,34,-99,-99,0
1,1991,81,13228.81,22.2,33,-99,-99,0
1,1991,82,23859.13,21.8,34.2,-99,-99,0
1,1991,83,13372.79,24.34,30.7,-99,-99,0
1,1991,84,17622.56,20,31.6,-99,-99,20.8
1,1991,85,10964.78,19.8,27.4,-99,-99,0.4
1,1991,86,13229.34,20,32,-99,-99,12.4
1,1991,87,11529.27,20,32.4,-99,-99,7.9
1,1991,88,22984.54,21.8,36.4,-99,-99,0
1,1991,89,24248.74,21.8,37,-99,-99,0
1,1991,90,18162.89,22,33.2,-99,-99,0
1,1991,91,20838.35,22.8,32,-99,-99,0
1,1991,92,21815.97,20,32.4,-99,-99,0
1,1991,93,24342.48,20,35,-99,-99,0
1,1991,94,20804.65,21.8,33.8,-99,-99,0
1,1991,95,18820.14,22,32,-99,-99,11.3
1,1991,96,16697.27,20,31.6,-99,-99,0
1,1991,97,16264.06,19,32.8,-99,-99,0
1,1991,98,20746.13,20,34,-99,-99,9
1,1991,99,19887.4,20,31.6,-99,-99,0.1
1,1991,100,16646.81,21.6,29.8,-99,-99,12.4
1,1991,101,16492.42,19,30,-99,-99,1.4
1,1991,102,22631.21,20.2,36,-99,-99,20.2
1,1991,103,18976.52,20.4,32.6,-99,-99,1.1
1,1991,104,10864.38,22,35,-99,-99,1.6
1,1991,105,18658.84,21.4,33.2,-99,-99,0
1,1991,106,23232.05,21.8,35,-99,-99,0
1,1991,107,24039.49,21.8,33.8,-99,-99,17.4
1,1991,108,19151.84,20.2,36,-99,-99,0
1,1991,109,19267.76,21.8,30.4,-99,-99,1.5
1,1991,110,18136.63,20.8,32.4,-99,-99,0
1,1991,111,22123.74,21.6,34.2,-99,-99,0
1,1991,112,15744.08,20,32.8,-99,-99,0
1,1991,113,19997.82,21,32,-99,-99,0
1,1991,114,21898.34,20,35,-99,-99,0
1,1991,115,22280.63,21,36,-99,-99,0
1,1991,116,14289.38,22.8,32.8,-99,-99,0.1
1,1991,117,14133.08,22.6,31.8,-99,-99,2
1,1991,118,16713.3,21.8,31.6,-99,-99,5.3
1,1991,119,21060.91,20,33,-99,-99,3.5
1,1991,120,16938.53,19,30.8,-99,-99,24.7
1,1991,121,21679.79,20,36.2,-99,-99,34
1,1991,122,16481.44,19,32.4,-99,-99,5.5
1,1991,123,19986.06,21.8,31.2,-99,-99,25.2
1,1991,124,16432.89,20,33,-99,-99,1.4
1,1991,125,14785.09,23.2,28.2,-99,-99,2.5
1,1991,126,21381.12,22,32.6,-99,-99,0
1,1991,127,10561.47,21.6,29.2,-99,-99,0
1,1991,128,24007.89,20.6,34.2,-99,-99,0
1,1991,129,14160.07,20,30,-99,-99,0
1,1991,130,23128.64,21.6,34.2,-99,-99,0
1,1991,131,19878.18,22.8,33.6,-99,-99,0
1,1991,132,16370.91,20,32,-99,-99,0
1,1991,133,21019.6,21.4,33,-99,-99,0
1,1991,134,10457.05,22,31.4,-99,-99,0
1,1991,135,16963.7,20,32.6,-99,-99,0
1,1991,136,16008.69,21.6,31.4,-99,-99,40.7
1,1991,137,11076.83,20,28,-99,-99,0
1,1991,138,15697.7,21,30.6,-99,-99,34
1,1991,139,20965.81,20,31.6,-99,-99,12.4
1,1991,140,16313.89,19.4,32,-99,-99,24.6
1,1991,141,10753.22,20,31.6,-99,-99,10.6
1,1991,142,14952.49,20,28.6,-99,-99,0
1,1991,143,13486.38,21.8,30.4,-99,-99,0
1,1991,144,23446.94,20,32,-99,-99,0
1,1991,145,16729.52,20,33,-99,-99,0
1,1991,146,16315.57,22.8,33,-99,-99,10.4
1,1991,147,22048.67,20,34.2,-99,-99,0
1,1991,148,14708.77,22,33.4,-99,-99,0
1,1991,149,14430.8,21.8,31.4,-99,-99,1
1,1991,150,10246.11,20,34,-99,-99,0
1,1991,151,13227.73,21.8,31.6,-99,-99,0
1,1991,152,21921.03,20,31.6,-99,-99,13.1
1,1991,153,12551.27,21,33.2,-99,-99,11.7
1,1991,154,18244.79,20,31.8,-99,-99,0
1,1991,155,21854.4,21.4,35,-99,-99,0
1,1991,156,15880.82,21.8,32,-99,-99,0
1,1991,157,12246.64,20,30.2,-99,-99,0
1,1991,158,22829.45,20,33,-99,-99,0
1,1991,159,12356.22,21.2,31.6,-99,-99,0.7
1,1991,160,22922.62,20,34.2,-99,-99,0
1,1991,161,11823.15,21.8,30,-99,-99,0
1,1991,162,20572.77,22,33.4,-99,-99,0
1,1991,163,21074.82,21.8,35,-99,-99,0
1,1991,164,16303.73,22,32,-99,-99,0
1,1991,165,14624.11,20,32,-99,-99,0
1,1991,166,21298.67,21.8,33,-99,-99,0
1,1991,167,15381.75,23,32.5,-99,-99,13.7
1,1991,168,15247.65,20,31.2,-99,-99,25.9
1,1991,169,12804.32,21.6,29.4,-99,-99,0
1,1991,170,21397.03,19.6,32,-99,-99,0
1,1991,171,18057.14,21.6,31.4,-99,-99,17.6
1,1991,172,10102.55,19,33,-99,-99,0
1,1991,173,18564.68,21,32.6,-99,-99,0
1,1991,174,13819.01,22.6,32.5,-99,-99,0
1,1991,175,16511.32,20,31,-99,-99,1.8
1,1991,176,19973.88,20,34,-99,-99,0
1,1991,177,17282.43,21.8,35,-99,-99,10.3
1,1991,178,16899.83,19,31.2,-99,-99,1.6
1,1991,179,15106.83,20,31.6,-99,-99,0
1,1991,180,17933.08,19,32.2,-99,-99,0.3
1,1991,181,20890.13,20,31.8,-99,-99,0.7
1,1991,182,11652.24,20.8,31.2,-99,-99,0.3
1,1991,183,13197.74,21,33.2,-99,-99,0
1,1991,184,12946.05,22,31.2,-99,-99,0
1,1991,185,16937.65,21.8,34,-99,-99,0.4
1,1991,186,11028.55,20,31.2,-99,-99,14.5
1,1991,187,10133.27,19.2,32,-99,-99,1.9
1,1991,188,10138.94,20,33.2,-99,-99,1
1,1991,189,21359.01,21,36,-99,-99,0.8
1,1991,190,21502.82,20,34.2,-99,-99,0
1,1991,191,13127.57,21.8,31.6,-99,-99,0
1,1991,192,12491.32,22,31.8,-99,-99,0.2
1,1991,193,12759.64,20,32,-99,-99,0
1,1991,194,15488.11,20,34,-99,-99,0
1,1991,195,20424.66,22,32,-99,-99,0
1,1991,196,17460.84,20.8,35.2,-99,-99,0
1,1991,197,19035.21,20,33.58,-99,-99,0
1,1991,198,19183.98,21.6,35,-99,-99,0
1,1991,199,18683.18,20.8,34,-99,-99,0
1,1991,200,22740.42,21.8,35.2,-99,-99,0
1,1991,201,13898.23,22,32.4,-99,-99,0
1,1991,202,19265.89,21.6,34,-99,-99,0
1,1991,203,17719.2,21.8,35,-99,-99,0
1,1991,204,21273.31,22,36,-99,-99,0
1,1991,205,13829.11,23,32.2,-99,-99,0
1,1991,206,16207.12,20,35.2,-99,-99,0
1,1991,207,14649.99,21.2,32.4,-99,-99,0
1,1991,208,20061.95,22,33.2,-99,-99,0
1,1991,209,15476.22,23,31.6,-99,-99,0
1,1991,210,18529.89,21.8,31.2,-99,-99,0
1,1991,211,13269.2,22,30,-99,-99,2
1,1991,212,12095.1,19,31.6,-99,-99,10.6
1,1991,213,15289.84,19,28.6,-99,-99,0
1,1991,214,12523.32,20,29.6,-99,-99,0.6
1,1991,215,11874.79,20,35,-99,-99,0
1,1991,216,15881.57,17.42,32.4,-99,-99,0
1,1991,217,10971.89,20,32,-99,-99,10.3
1,1991,218,17658.04,21.6,33.6,-99,-99,0
1,1991,219,20755.29,20,33,-99,-99,2.6
1,1991,220,15831.07,19,34,-99,-99,23.1
1,1991,221,20006.83,20,32.6,-99,-99,0
1,1991,222,23791.96,21.4,33,-99,-99,0
1,1991,223,10515.69,21,32.6,-99,-99,0
1,1991,224,20894.15,20.8,35,-99,-99,0
1,1991,225,18090.45,22,32.6,-99,-99,0
1,1991,226,13928.38,21.8,31.6,-99,-99,0
1,1991,227,16784.59,20,32.4,-99,-99,0
1,1991,228,17211.59,21,33,-99,-99,0
1,1991,229,15199.08,22,32,-99,-99,0
1,1991,230,19425.79,21.8,33.6,-99,-99,0
1,1991,231,17953.88,20,31.6,-99,-99,0
1,1991,232,14299.54,20.8,35.2,-99,-99,0
1,1991,233,14997,20,33.8,-99,-99,0
1,1991,234,21018.71,22,34.2,-99,-99,0
1,1991,235,13799.68,21.8,31.8,-99,-99,0
1,1991,236,22981.18,20.6,33.4,-99,-99,0
1,1991,237,13553.72,21.8,34.6,-99,-99,0
1,1991,238,18230.07,22,36,-99,-99,0
1,1991,239,12069.08,22.8,35.2,-99,-99,0
1,1991,240,22527.21,22,33,-99,-99,0
1,1991,241,11539.36,21.4,36,-99,-99,0
1,1991,242,22983.01,21,34.2,-99,-99,0
1,1991,243,20383.33,20,31.4,-99,-99,1.2
1,1991,244,16673.3,22.8,31.4,-99,-99,0
1,1991,245,21522.24,21.2,35,-99,-99,0
1,1991,246,21953.77,20,36,-99,-99,0
1,1991,247,16017.74,21.6,32.4,-99,-99,0
1,1991,248,21015.46,20.8,37,-99,-99,0
1,1991,249,17146.89,20,31.6,-99,-99,0
1,1991,250,16601.69,22,36,-99,-99,0
1,1991,251,20081.77,22.8,36.79,-99,-99,0
1,1991,252,20508.95,20.8,34.8,-99,-99,0
1,1991,253,17598.9,21.2,32.2,-99,-99,0
1,1991,254,13988.94,20,32,-99,-99,0
1,1991,255,15385.22,22,31.2,-99,-99,0
1,1991,256,14832.57,20,32,-99,-99,0
1,1991,257,17204.52,21.8,32,-99,-99,0
1,1991,258,17905.13,24.08,34.34,-99,-99,0
1,1991,259,16095.68,20.6,30,-99,-99,11.8
1,1991,260,16515.84,20,32.2,-99,-99,0.1
1,1991,261,22236.88,19.8,34.2,-99,-99,10
1,1991,262,21122.08,20,33.4,-99,-99,9
1,1991,263,14981.54,21,30.2,-99,-99,0
1,1991,264,15957.14,21.8,31,-99,-99,12.3
1,1991,265,19584.39,19,33.2,-99,-99,10.5
1,1991,266,16789.72,20.4,30.2,-99,-99,14.1
1,1991,267,15390.14,19.8,30,-99,-99,0
1,1991,268,20689.87,20,33.2,-99,-99,0
1,1991,269,19009.37,21,32,-99,-99,21.1
1,1991,270,14537.63,19,31.6,-99,-99,0
1,1991,271,21367.32,22.2,32.2,-99,-99,42.5
1,1991,272,17871.63,22,34.49,-99,-99,40.6
1,1991,273,14237.66,20,32.6,-99,-99,0
1,1991,274,21337.91,20,32.8,-99,-99,3
1,1991,275,19096.93,19.2,31.8,-99,-99,8
1,1991,276,18528.16,20,32.2,-99,-99,10.1
1,1991,277,23805.36,19,34,-99,-99,0
1,1991,278,15442.12,22,36,-99,-99,0
1,1991,279,22799.25,22.8,33.4,-99,-99,0
1,1991,280,15973.11,22.2,32,-99,-99,2
1,1991,281,16098.25,19,31.2,-99,-99,0
1,1991,282,10810.68,20,29.2,-99,-99,0
1,1991,283,12324.81,19.2,31,-99,-99,0
1,1991,284,21456.64,20,33.2,-99,-99,0
1,1991,285,23512.54,21.8,34.2,-99,-99,0
1,1991,286,22106.05,20,33.4,-99,-99,0
1,1991,287,23741.59,21.8,34.2,-99,-99,0
1,1991,288,22473.84,22,32.4,-99,-99,14.1
1,1991,289,19000.74,19,31.6,-99,-99,0
1,1991,290,20770.18,22,32.4,-99,-99,0
1,1991,291,14964.24,20,31.6,-99,-99,0
1,1991,292,14257.88,21.8,30.6,-99,-99,0
1,1991,293,18634.99,21.8,32.6,-99,-99,0
1,1991,294,21492.65,20,33,-99,-99,0
1,1991,295,21191.1,20,34.2,-99,-99,0
1,1991,296,21984.85,21.2,33.4,-99,-99,0
1,1991,297,19631.45,21,32,-99,-99,0
1,1991,298,23018.89,22,34.2,-99,-99,84.4
1,1991,299,22305.75,20,32,-99,-99,5.6
1,1991,300,16145.03,21,35.2,-99,-99,5.1
1,1991,301,18434.66,22,33.4,-99,-99,0
1,1991,302,23571.51,20,36.2,-99,-99,2
1,1991,303,12953.75,20,31.2,-99,-99,0
1,1991,304,14424.85,20,32,-99,-99,0
1,1991,305,18734.08,20,32,-99,-99,2
1,1991,306,20193.33,21.2,33,-99,-99,0
1,1991,307,20433.72,23,34.5,-99,-99,0
1,1991,308,14742.23,20,31.6,-99,-99,24
1,1991,309,17412.21,19,32,-99,-99,0
1,1991,310,17924,20,31.6,-99,-99,2.3
1,1991,311,14943.85,19,31,-99,-99,7.6
1,1991,312,19881.95,20,33,-99,-99,4
1,1991,313,17041.18,19,31.4,-99,-99,0
1,1991,314,17818.3,22.93,32.8,-99,-99,0.3
1,1991,315,14320.47,20,32.37,-99,-99,0
1,1991,316,18433.27,21,31.2,-99,-99,0
1,1991,317,19072.76,19,33.2,-99,-99,0
1,1991,318,16518.69,20,31,-99,-99,3
1,1991,319,13838.66,19,30,-99,-99,0.5
1,1991,320,20584.84,20,33.4,-99,-99,0
1,1991,321,20424.49,21.8,32.4,-99,-99,0.4
1,1991,322,16824.31,20,30,-99,-99,40.5
1,1991,323,19974.04,19,33.2,-99,-99,0
1,1991,324,20080.34,21.2,35,-99,-99,16.5
1,1991,325,15835.6,18.8,30,-99,-99,4.3
1,1991,326,16342.56,19.2,30.2,-99,-99,0
1,1991,327,21321.83,20.6,33.2,-99,-99,0
1,1991,328,12754.99,19,29.2,-99,-99,31.4
1,1991,329,17465.84,20,31,-99,-99,0
1,1991,330,17577.51,21,32.2,-99,-99,8
1,1991,331,17427.56,21.4,30.6,-99,-99,0.5
1,1991,332,9949.05,20,27,-99,-99,4.6
1,1991,333,11899.97,19,31,-99,-99,0
1,1991,334,12802.66,21.2,31.2,-99,-99,0
1,1991,335,13182.19,22.6,31.8,-99,-99,0
1,1991,336,9909.62,21.6,32.8,-99,-99,0
1,1991,337,14983.79,23.8,33.18,-99,-99,7
1,1991,338,20181.32,20,34,-99,-99,0
1,1991,339,13919.53,21.4,31.2,-99,-99,0
1,1991,340,18852.17,19,32.4,-99,-99,0
1,1991,341,19360.11,22.6,33.2,-99,-99,0
1,1991,342,15970.93,21.6,32.8,-99,-99,0.6
1,1991,343,19857.8,19.8,33.2,-99,-99,20.4
1,1991,344,16992.73,18.6,31.6,-99,-99,7.5
1,1991,345,19450.39,20,33.2,-99,-99,0
1,1991,346,20221.19,21.8,32,-99,-99,0
1,1991,347,19695.98,22,34,-99,-99,11.5
1,1991,348,16320.37,19,32,-99,-99,0
1,1991,349,13076.77,20,31.2,-99,-99,24.6
1,1991,350,20460.6,23,29.8,-99,-99,0.8
1,1991,351,10352.1,19,28.6,-99,-99,1
1,1991,352,14627.02,20,31.2,-99,-99,2
1,1991,353,17607,20,30.2,-99,-99,0
1,1991,354,17219.31,19,31.6,-99,-99,0
1,1991,355,18128.39,21,32,-99,-99,0
1,1991,356,18779.53,22,30,-99,-99,0.2
1,1991,357,13079.74,20,31.6,-99,-99,0
1,1991,358,10360.36,19,33.4,-99,-99,0
1,1991,359,14903.98,21.8,35.4,-99,-99,0
1,1991,360,14261.08,22,36,-99,-99,0
1,1991,361,17902.49,22.6,33,-99,-99,28.6
1,1991,362,20898.77,19,31.6,-99,-99,4.6
1,1991,363,10384.34,19,29.4,-99,-99,5.3
1,1991,364,22483.32,20,33.6,-99,-99,0
1,1991,365,19115.27,22.4,34.56,-99,-99,0
