-75,3.91,415,0,0
1,1989,1,12488.92,22,24.99,-99,-99,23
1,1989,2,13541.03,21.8,31,-99,-99,18
1,1989,3,16290.49,20.6,26.89,-99,-99,0.8
1,1989,4,19045.12,22,31,-99,-99,0
1,1989,5,13184.98,22.2,28.61,-99,-99,0
1,1989,6,16335.41,22.8,29.13,-99,-99,3
1,1989,7,13342.33,23,27.87,-99,-99,47.4
1,1989,8,16500.25,21,26.64,-99,-99,0
1,1989,9,22025.43,22.6,29.44,-99,-99,0
1,1989,10,20212.61,22.2,27.35,-99,-99,0
1,1989,11,19710.7,22,29.73,-99,-99,0
1,1989,12,22891.97,21.4,30.8,-99,-99,8.5
1,1989,13,16203.12,20.6,29.96,-99,-99,24.2
1,1989,14,14246.17,22,30.47,-99,-99,0.5
1,1989,15,18094.51,22.2,31.48,-99,-99,0
1,1989,16,21424.36,23,31.6,-99,-99,0
1,1989,17,21321.62,22,31.15,-99,-99,0
1,1989,18,19628.55,22,31.6,-99,-99,0
1,1989,19,23108.17,22.8,31.78,-99,-99,0
1,1989,20,23009.07,23,32.33,-99,-99,0
1,1989,21,15855.45,22.8,31.76,-99,-99,0
1,1989,22,16279.89,22.6,30.17,-99,-99,0
1,1989,23,20043.22,23,30.52,-99,-99,0
1,1989,24,21812.57,22,32.4,-99,-99,0
1,1989,25,12742.58,22,32,-99,-99,0
1,1989,26,23222.63,23,31.32,-99,-99,7.1
1,1989,27,15873.79,21.8,32.4,-99,-99,0
1,1989,28,10251.25,23,28.88,-99,-99,0
1,1989,29,17273.59,22,30.22,-99,-99,0
1,1989,30,16897.63,21.8,29.9,-99,-99,0
1,1989,31,22195.51,23,31.2,-99,-99,41.6
1,1989,32,11947.35,21,28.31,-99,-99,6
1,1989,33,15356.55,22,30,-99,-99,0.1
1,1989,34,10767.35,20.8,30.5,-99,-99,24.1
1,1989,35,15952.65,20,26.76,-99,-99,1
1,1989,36,23332.5,21.8,27.66,-99,-99,0
1,1989,37,17097.65,22.8,31.62,-99,-99,2
1,1989,38,19174.97,20.6,32.4,-99,-99,0
1,1989,39,16060.49,20.8,32,-99,-99,0
1,1989,40,16087.26,21.6,31.2,-99,-99,60.4
1,1989,41,10763.19,21.4,31.67,-99,-99,16.7
1,1989,42,17376.96,20.2,32,-99,-99,0
1,1989,43,19606.64,22,32,-99,-99,0
1,1989,44,17570.65,21,32.6,-99,-99,0
1,1989,45,22980.19,21.8,32.4,-99,-99,3
1,1989,46,24397.04,22,30.48,-99,-99,0
1,1989,47,23879.93,22,31.4,-99,-99,0
1,1989,48,20728.07,22,31.44,-99,-99,0
1,1989,49,14930.96,23,32.4,-99,-99,0
1,1989,50,14814.31,22.8,31.1,-99,-99,0
1,1989,51,13444.98,21.8,30.12,-99,-99,0.4
1,1989,52,16389.39,23,32.5,-99,-99,0
1,1989,53,24639.37,22.8,33.2,-99,-99,0
1,1989,54,12106.5,20,30.15,-99,-99,18.1
1,1989,55,13520.95,22.4,32,-99,-99,13.9
1,1989,56,11859.83,22,31.43,-99,-99,0
1,1989,57,23081.03,23,31.71,-99,-99,0
1,1989,58,21986.05,22,33.21,-99,-99,0
1,1989,59,18502.03,22.6,33.67,-99,-99,0
1,1989,60,24844.33,23,33.65,-99,-99,0
1,1989,61,11511.97,22.6,33,-99,-99,0
1,1989,62,18983.69,24,29.74,-99,-99,2
1,1989,63,17875.56,21.2,30.97,-99,-99,44.2
1,1989,64,10844.86,20,25.24,-99,-99,0.5
1,1989,65,16780.2,22,31.93,-99,-99,8.4
1,1989,66,18206.26,21.8,30,-99,-99,0.8
1,1989,67,12430.16,21.4,29,-99,-99,22.3
1,1989,68,10886.09,20,30.65,-99,-99,0
1,1989,69,22913.79,23,27.38,-99,-99,0
1,1989,70,17552.47,22,31.6,-99,-99,0.3
1,1989,71,19120.12,23,28.89,-99,-99,0
1,1989,72,10919.1,21.8,29.71,-99,-99,4.4
1,1989,73,15033.17,20.6,29.11,-99,-99,0
1,1989,74,19573.98,21.8,30,-99,-99,0.1
1,1989,75,15755.9,22,25.26,-99,-99,27.1
1,1989,76,22848.15,20.8,29.35,-99,-99,0
1,1989,77,19736,21.8,30,-99,-99,11
1,1989,78,20732.99,20.8,28.4,-99,-99,41.6
1,1989,79,16058.83,22,29.89,-99,-99,0
1,1989,80,16486.86,21.6,31.26,-99,-99,0
1,1989,81,23859.11,21.8,28.73,-99,-99,0
1,1989,82,21875.08,22.8,30.54,-99,-99,0
1,1989,83,13797.86,22,31,-99,-99,0
1,1989,84,23997.1,22,28.85,-99,-99,0
1,1989,85,18895.21,22.8,28.33,-99,-99,0
1,1989,86,20873.9,21.6,30.45,-99,-99,0
1,1989,87,20019.85,22,30.8,-99,-99,0
1,1989,88,24257.55,21,30.54,-99,-99,0
1,1989,89,23541.86,20,24.55,-99,-99,0
1,1989,90,15195.63,20.8,29.72,-99,-99,31.8
1,1989,91,17166.8,21.4,30.02,-99,-99,10.3
1,1989,92,10949.58,20.8,28.95,-99,-99,0.6
1,1989,93,16727.19,22.4,31.53,-99,-99,0
1,1989,94,10940.32,21.8,31.49,-99,-99,1
1,1989,95,20650.63,21,32,-99,-99,0
1,1989,96,13461.4,20.8,30.8,-99,-99,0
1,1989,97,23151.78,20.4,31.12,-99,-99,0
1,1989,98,22852.66,22.8,31.4,-99,-99,5.7
1,1989,99,10908.23,20.36,31.6,-99,-99,0
1,1989,100,16786.97,22,33.2,-99,-99,0
1,1989,101,21812.79,22.8,33.2,-99,-99,0
1,1989,102,15638.37,21.6,32.8,-99,-99,0
1,1989,103,10874.02,20.8,31.2,-99,-99,0
1,1989,104,21329.48,22.6,32,-99,-99,0
1,1989,105,11690.53,23.6,33,-99,-99,4.2
1,1989,106,17246.76,22.8,33.4,-99,-99,0
1,1989,107,23205.4,23,31.46,-99,-99,0
1,1989,108,16514.02,21,32.6,-99,-99,12.9
1,1989,109,19129.11,20,33.76,-99,-99,0
1,1989,110,20767.29,22,33,-99,-99,0
1,1989,111,19496.76,23,33,-99,-99,0.5
1,1989,112,20576.33,23.4,33,-99,-99,0
1,1989,113,10898.84,20,33.69,-99,-99,40.3
1,1989,114,13363.45,21,34.17,-99,-99,0
1,1989,115,23380.26,22,34,-99,-99,0
1,1989,116,10721.06,22.2,32.6,-99,-99,16.1
1,1989,117,16599.65,21.6,31,-99,-99,0
1,1989,118,14524.21,20,30,-99,-99,0.5
1,1989,119,17509.26,22,32.6,-99,-99,0
1,1989,120,17484.07,23.55,29.61,-99,-99,90.4
1,1989,121,16913.99,20.8,33.18,-99,-99,20
1,1989,122,21103.59,21.6,29.63,-99,-99,7.5
1,1989,123,11435.42,22,30,-99,-99,0
1,1989,124,18600.94,21.8,31.43,-99,-99,5
1,1989,125,21008,20.4,31.2,-99,-99,60
1,1989,126,10576.45,21,31.6,-99,-99,0
1,1989,127,20269.67,20,31.48,-99,-99,0
1,1989,128,18219.48,22.2,31.57,-99,-99,0
1,1989,129,17923.07,20,31,-99,-99,0
1,1989,130,16420.05,21.6,31.08,-99,-99,0.4
1,1989,131,20949.8,21.8,31.44,-99,-99,0
1,1989,132,23993.72,22.8,31.2,-99,-99,0.3
1,1989,133,17147.62,20,32,-99,-99,0
1,1989,134,15789.1,21.8,31.57,-99,-99,0
1,1989,135,15366.65,22.8,31.76,-99,-99,0
1,1989,136,22519.63,22.6,33.22,-99,-99,0
1,1989,137,15985.53,23,32,-99,-99,6
1,1989,138,19804,22.4,32.33,-99,-99,0
1,1989,139,19378.71,21.8,31.6,-99,-99,0
1,1989,140,20011.49,22.8,32,-99,-99,2
1,1989,141,11148.8,21,32,-99,-99,0
1,1989,142,14557.5,22,31,-99,-99,0
1,1989,143,11251.29,21.6,31.6,-99,-99,0
1,1989,144,19376.96,22.4,31.52,-99,-99,0
1,1989,145,10305.26,20.8,30.51,-99,-99,0
1,1989,146,12780.48,21.6,30,-99,-99,3
1,1989,147,19172.05,21,32.2,-99,-99,0
1,1989,148,12880.56,20,31.2,-99,-99,0
1,1989,149,17430.51,21,33.2,-99,-99,0
1,1989,150,16368.44,22.8,33.53,-99,-99,0
1,1989,151,18171.83,22,33.71,-99,-99,0
1,1989,152,15683.01,22,33.46,-99,-99,0
1,1989,153,19301.65,21.8,32.4,-99,-99,0.4
1,1989,154,10204.84,20,32.6,-99,-99,50.9
1,1989,155,15895.39,20,31.6,-99,-99,1.2
1,1989,156,15751.4,23,31.4,-99,-99,0
1,1989,157,15479.03,22.8,31.17,-99,-99,0
1,1989,158,14949.42,20,32,-99,-99,2.3
1,1989,159,14808.58,21.6,33.01,-99,-99,20.4
1,1989,160,14023.75,21.8,29.86,-99,-99,0
1,1989,161,19555.51,22,28.47,-99,-99,0
1,1989,162,15807.81,23,31.2,-99,-99,0
1,1989,163,18629.53,21.8,30.41,-99,-99,4
1,1989,164,11930.57,21.6,31.1,-99,-99,0
1,1989,165,21051.7,22,32,-99,-99,0
1,1989,166,21170.18,21.8,32.42,-99,-99,0
1,1989,167,14996.45,22,31.41,-99,-99,0
1,1989,168,14734.13,21,30.49,-99,-99,0
1,1989,169,20119.57,22,29.58,-99,-99,0
1,1989,170,18061.2,22.8,30.47,-99,-99,0
1,1989,171,12156.64,22,32.44,-99,-99,3
1,1989,172,11385.04,20,32.4,-99,-99,0
1,1989,173,18308.21,22,31,-99,-99,0
1,1989,174,11254.53,23.4,31.38,-99,-99,0
1,1989,175,14972.66,20.6,31.6,-99,-99,0
1,1989,176,12023.8,20,29.47,-99,-99,0
1,1989,177,18180.1,21,32.8,-99,-99,1.5
1,1989,178,14975.97,22,33,-99,-99,0
1,1989,179,21136.11,23,33.29,-99,-99,0
1,1989,180,10747.46,22,33.49,-99,-99,2.4
1,1989,181,14215.75,20,32.5,-99,-99,0
1,1989,182,18200.58,20,31,-99,-99,1.1
1,1989,183,17308.17,21.6,31.2,-99,-99,0
1,1989,184,18728.97,20,32.5,-99,-99,0
1,1989,185,18994.84,20,32.4,-99,-99,0
1,1989,186,16688.95,21,31.6,-99,-99,0
1,1989,187,13737.51,20,26.39,-99,-99,0
1,1989,188,15935.24,20,31.32,-99,-99,0
1,1989,189,19683.36,21.8,30,-99,-99,0
1,1989,190,17246.09,22,31.76,-99,-99,0
1,1989,191,19065.87,21,32.6,-99,-99,0.4
1,1989,192,20372.56,21.8,33,-99,-99,0
1,1989,193,23104.72,23,33,-99,-99,0
1,1989,194,22606.85,20,32,-99,-99,0
1,1989,195,20424.66,22,33.4,-99,-99,0
1,1989,196,19146.72,20.8,32.4,-99,-99,0
1,1989,197,12803.98,20,32.2,-99,-99,0
1,1989,198,16454.91,20,33.41,-99,-99,0
1,1989,199,15300.61,19,33.67,-99,-99,0
1,1989,200,11409,20,33.55,-99,-99,0
1,1989,201,11942.26,21.8,32,-99,-99,0.1
1,1989,202,17438.14,21.6,31.9,-99,-99,0
1,1989,203,12882.78,20.8,33,-99,-99,0
1,1989,204,16038.2,22,34.44,-99,-99,9.9
1,1989,205,17367.32,21.8,30.08,-99,-99,3
1,1989,206,10302.42,22,32.6,-99,-99,0
1,1989,207,10708.31,20,30,-99,-99,0
1,1989,208,17035.93,20,34.57,-99,-99,0
1,1989,209,17979.38,21.8,33,-99,-99,1
1,1989,210,19453.38,22,33.73,-99,-99,0
1,1989,211,20799.6,21,35,-99,-99,0
1,1989,212,20826.82,20,32.6,-99,-99,0
1,1989,213,12905.07,23,33.69,-99,-99,0
1,1989,214,20749.32,22.8,34.6,-99,-99,0
1,1989,215,19714.07,20,34.96,-99,-99,0
1,1989,216,22534.66,21.2,34.26,-99,-99,0
1,1989,217,21632.35,23,32.27,-99,-99,0
1,1989,218,20727.4,22.2,33.6,-99,-99,0
1,1989,219,22893.61,22.8,34.6,-99,-99,0
1,1989,220,19310.93,21.6,35.2,-99,-99,0
1,1989,221,18666.46,20,34.5,-99,-99,0
1,1989,222,18288.45,23,33,-99,-99,0
1,1989,223,16699.33,20.2,33.6,-99,-99,10.6
1,1989,224,21163.39,21.4,34,-99,-99,0
1,1989,225,15259.33,20,33.55,-99,-99,0
1,1989,226,14063.39,22,33,-99,-99,0
1,1989,227,20299.76,19.8,32.4,-99,-99,0
1,1989,228,19513.19,20,30,-99,-99,0
1,1989,229,13029.85,22,34.2,-99,-99,0
1,1989,230,14266.81,21.8,35,-99,-99,0
1,1989,231,15506.84,20,34.54,-99,-99,2
1,1989,232,18655.64,21,34.45,-99,-99,0
1,1989,233,21130.8,20.8,34.12,-99,-99,0
1,1989,234,22383.54,19,33.2,-99,-99,0
1,1989,235,13663.02,20.2,32.6,-99,-99,0
1,1989,236,24486.26,21.2,34.48,-99,-99,0
1,1989,237,16978.51,20.8,34,-99,-99,0
1,1989,238,19190.15,22.8,34.2,-99,-99,50
1,1989,239,20857.12,21.6,35,-99,-99,0
1,1989,240,16753.56,20,33.09,-99,-99,2
1,1989,241,18145.05,22,34.05,-99,-99,0.9
1,1989,242,15957.02,20.2,34.12,-99,-99,0
1,1989,243,11695.25,21,33.2,-99,-99,0
1,1989,244,25784.13,21,33.69,-99,-99,0
1,1989,245,23456.68,20.8,35.47,-99,-99,0
1,1989,246,17943.02,21.8,35.4,-99,-99,9
1,1989,247,13526.12,20,30.51,-99,-99,0
1,1989,248,15750.96,19,32.6,-99,-99,10.6
1,1989,249,13819.28,20.2,30,-99,-99,0
1,1989,250,10773.96,21,31.2,-99,-99,0
1,1989,251,15499.56,23,33.4,-99,-99,0.3
1,1989,252,17174.18,20,32.4,-99,-99,20.3
1,1989,253,15930.47,20,34.2,-99,-99,0
1,1989,254,17466.88,21.2,34.5,-99,-99,0
1,1989,255,24571.95,19,33.2,-99,-99,0
1,1989,256,24302.38,22,34.54,-99,-99,5
1,1989,257,23334.81,21.8,34.6,-99,-99,0
1,1989,258,23201.61,23,35,-99,-99,0
1,1989,259,18744.87,23,33.41,-99,-99,0
1,1989,260,22234.28,22.8,34.6,-99,-99,0
1,1989,261,24608.56,21,34.2,-99,-99,0
1,1989,262,15679.99,23,34.89,-99,-99,0
1,1989,263,10934.17,23.4,32.86,-99,-99,40.5
1,1989,264,22517.45,23,31.76,-99,-99,1.4
1,1989,265,19305.21,22,30.15,-99,-99,10
1,1989,266,20139.98,19,34.82,-99,-99,0
1,1989,267,20973.79,21,34.6,-99,-99,0
1,1989,268,17060.76,22,34.02,-99,-99,0.3
1,1989,269,20963.27,20.4,33,-99,-99,0
1,1989,270,18584.32,22.8,32,-99,-99,0
1,1989,271,18158.56,21,33.4,-99,-99,0
1,1989,272,17732.15,20.8,32.6,-99,-99,0
1,1989,273,16468.57,22,34.2,-99,-99,0
1,1989,274,22174.2,21.2,33.35,-99,-99,0
1,1989,275,22162.12,23,33.21,-99,-99,0
1,1989,276,22845.37,22.8,33.76,-99,-99,20
1,1989,277,14896.77,20,31.08,-99,-99,0.7
1,1989,278,15442.12,20.8,31.69,-99,-99,0
1,1989,279,24050.63,22.8,33.67,-99,-99,0
1,1989,280,25283.15,23,33.41,-99,-99,0
1,1989,281,17625.75,21.4,32.4,-99,-99,0
1,1989,282,19691.71,20,32,-99,-99,0
1,1989,283,15236.73,22.4,31.58,-99,-99,30.4
1,1989,284,14944.58,20,28.84,-99,-99,3
1,1989,285,16452.07,21.2,31.22,-99,-99,0
1,1989,286,17818.08,20,32.7,-99,-99,8
1,1989,287,20148.44,21,32,-99,-99,8.5
1,1989,288,15294.23,21.8,30.17,-99,-99,0
1,1989,289,22862.96,19.2,32.52,-99,-99,3
1,1989,290,23112.75,20,32.4,-99,-99,0
1,1989,291,23361.31,23,31.46,-99,-99,0
1,1989,292,22508.54,19.4,32,-99,-99,0.5
1,1989,293,22343.75,21,33.62,-99,-99,0
1,1989,294,23825.18,20.8,33.6,-99,-99,0
1,1989,295,20917,23,33.2,-99,-99,0
1,1989,296,23216.87,21,29.47,-99,-99,10.3
1,1989,297,22092.56,21.6,31.24,-99,-99,0
1,1989,298,20014.52,20,32.48,-99,-99,50
1,1989,299,15349.67,21,32,-99,-99,20
1,1989,300,18597.04,19,30.31,-99,-99,0
1,1989,301,19250.96,20,31.8,-99,-99,4.4
1,1989,302,15283.15,22,32,-99,-99,0
1,1989,303,12953.75,19.8,31.38,-99,-99,4
1,1989,304,18625.98,20.6,29.92,-99,-99,0
1,1989,305,17786.7,23,32,-99,-99,0
1,1989,306,11678.22,22.21,31.28,-99,-99,0.7
1,1989,307,23943.18,20.8,31.87,-99,-99,0
1,1989,308,22156.11,23,32.4,-99,-99,0
1,1989,309,16604.52,23.6,30,-99,-99,0
1,1989,310,21419.28,22.8,31.45,-99,-99,0
1,1989,311,16286.37,23,32,-99,-99,0
1,1989,312,19613.81,20,33,-99,-99,0
1,1989,313,17576.74,20,32.6,-99,-99,0
1,1989,314,20225.09,21.4,32.8,-99,-99,0
1,1989,315,16056.38,23,32.6,-99,-99,0
1,1989,316,17499.79,20,32.37,-99,-99,0
1,1989,317,22135.86,22.4,33.78,-99,-99,0
1,1989,318,22769.91,22.6,33,-99,-99,0
1,1989,319,15565.49,22.2,31.28,-99,-99,0
1,1989,320,17931.58,23,31.6,-99,-99,50
1,1989,321,15257.14,20,34,-99,-99,0
1,1989,322,16294.98,22,34,-99,-99,0
1,1989,323,16141.09,20,34.82,-99,-99,10
1,1989,324,21136.44,23,34.26,-99,-99,20
1,1989,325,13857.74,19,30,-99,-99,7
1,1989,326,13576.73,20,33.52,-99,-99,0
1,1989,327,11323.38,21.2,32.4,-99,-99,0
1,1989,328,15251.88,20.4,31,-99,-99,0
1,1989,329,16546.91,20.6,34.52,-99,-99,0
1,1989,330,21118.3,23,32.6,-99,-99,0
1,1989,331,19654.73,22.8,32.63,-99,-99,0
1,1989,332,16231.48,21.6,33.41,-99,-99,10.4
1,1989,333,21184.12,20,34.02,-99,-99,50.3
1,1989,334,17897.88,19,30.02,-99,-99,0
1,1989,335,17489.87,23.4,34.26,-99,-99,9.53
1,1989,336,14213.82,23.2,31.8,-99,-99,8.02
1,1989,337,19545.35,23.25,32.8,-99,-99,4.66
1,1989,338,20181.32,23,33.05,-99,-99,6.39
1,1989,339,18214.38,23,33.55,-99,-99,3.37
1,1989,340,20282.88,23,33,-99,-99,2.24
1,1989,341,20400.01,23.6,32.8,-99,-99,1.88
1,1989,342,15970.93,22.93,33.4,-99,-99,2.25
1,1989,343,16741.35,23.6,33.6,-99,-99,2.4
1,1989,344,14267.07,24,32.4,-99,-99,3.97
1,1989,345,14520.21,24,32.8,-99,-99,3.99
1,1989,346,17238.17,23.83,33,-99,-99,2.43
1,1989,347,15028.32,24,32,-99,-99,0.46
1,1989,348,12042.75,23.05,34.48,-99,-99,0.74
1,1989,349,21759.91,22.8,34.44,-99,-99,0.21
1,1989,350,15018.23,22.8,34.6,-99,-99,0.31
1,1989,351,23568.03,23.4,34.5,-99,-99,0.5
1,1989,352,22141.65,24,35.21,-99,-99,0.45
1,1989,353,18384.38,21.35,35.28,-99,-99,0.36
1,1989,354,20199.47,20.8,34.2,-99,-99,2.05
1,1989,355,19813.02,23.6,34.53,-99,-99,1.65
1,1989,356,19686.79,23.35,32.48,-99,-99,0.86
1,1989,357,21895.08,23.4,33.6,-99,-99,1.93
1,1989,358,17103.34,23.34,32.4,-99,-99,6.35
1,1989,359,17109.13,23.4,30.5,-99,-99,3.97
1,1989,360,16856.35,22.8,30,-99,-99,11.48
1,1989,361,17772.67,22.8,30.41,-99,-99,3.07
1,1989,362,20639.01,22.2,31.4,-99,-99,2.49
1,1989,363,20650.43,22,32.6,-99,-99,0.89
1,1989,364,22093.24,22,33,-99,-99,0.94
1,1989,365,20936.78,22,33.96,-99,-99,1.31
