-75,3.91,415,0,0
1,1993,1,16915.6,22.8,31.6,-99,-99,20.8
1,1993,2,22791.67,22,33.8,-99,-99,0
1,1993,3,21636.53,21.8,33.6,-99,-99,0
1,1993,4,16696.16,22,32.6,-99,-99,6.4
1,1993,5,12009.49,20,39.4,-99,-99,30.3
1,1993,6,13982.29,21.2,29.2,-99,-99,10.4
1,1993,7,14912.57,20,29.8,-99,-99,5
1,1993,8,20298.77,21,32.4,-99,-99,0
1,1993,9,21238.71,20,33.4,-99,-99,0
1,1993,10,21131.43,22.6,32.4,-99,-99,0
1,1993,11,21944.59,23,32.8,-99,-99,0
1,1993,12,18024.4,22.6,31.6,-99,-99,1
1,1993,13,22920.41,21.6,34.2,-99,-99,6
1,1993,14,16224.25,20,31.2,-99,-99,5
1,1993,15,17830.44,21.6,32.6,-99,-99,0
1,1993,16,21688.77,22.6,33,-99,-99,2.5
1,1993,17,19468.32,22.8,29.72,-99,-99,0
1,1993,18,14193.75,22.15,30.8,-99,-99,0
1,1993,19,18993.32,20.6,32.4,-99,-99,0
1,1993,20,18888.51,23,32.4,-99,-99,0
1,1993,21,22377.78,22.6,33.6,-99,-99,0
1,1993,22,20012.28,20.8,33.6,-99,-99,0
1,1993,23,23514.04,22.6,33.7,-99,-99,0
1,1993,24,23684.22,23,34.2,-99,-99,0
1,1993,25,17830.32,21.6,31.8,-99,-99,0
1,1993,26,15713.66,22.8,32,-99,-99,0
1,1993,27,18425.32,23,32.4,-99,-99,0
1,1993,28,18993.47,22.6,31.6,-99,-99,4
1,1993,29,19832.92,21.6,31.4,-99,-99,0
1,1993,30,19730.72,22.6,31.2,-99,-99,0
1,1993,31,13412.91,23,32,-99,-99,0
1,1993,32,24126.67,22,31.2,-99,-99,2.6
1,1993,33,12510.31,20,30.6,-99,-99,3
1,1993,34,16468.63,20,29.2,-99,-99,7
1,1993,35,17040.29,21,31,-99,-99,0
1,1993,36,21970.86,22.2,35.2,-99,-99,0
1,1993,37,22279.79,23,34,-99,-99,0
1,1993,38,23545.54,22.6,32,-99,-99,0
1,1993,39,22763.08,21.6,33.2,-99,-99,20.3
1,1993,40,23347.9,20.6,31.4,-99,-99,0
1,1993,41,21327.4,22,31.6,-99,-99,0.2
1,1993,42,23422.56,21.4,33,-99,-99,2
1,1993,43,22221.05,22,34,-99,-99,1
1,1993,44,22393.62,22.8,31.4,-99,-99,12.4
1,1993,45,16494.43,21.2,32.4,-99,-99,0
1,1993,46,17902.2,20.8,33.4,-99,-99,0
1,1993,47,15023.73,21,33.2,-99,-99,0
1,1993,48,18649.59,22,31.6,-99,-99,0
1,1993,49,21174.66,21.4,33.2,-99,-99,0
1,1993,50,16342.53,22.2,31.2,-99,-99,0
1,1993,51,17339.92,20.8,30.2,-99,-99,0
1,1993,52,23074.7,21.8,31.6,-99,-99,0
1,1993,53,15993.79,20.8,33.2,-99,-99,0
1,1993,54,21181.03,21,35.6,-99,-99,0
1,1993,55,13660.72,22.8,32.4,-99,-99,0
1,1993,56,14378.4,21.6,32.4,-99,-99,4
1,1993,57,24061.52,20,32.8,-99,-99,0
1,1993,58,16097.12,22.8,32.37,-99,-99,0
1,1993,59,15414.32,20.8,31.4,-99,-99,3
1,1993,60,21753.71,20,30.2,-99,-99,0.4
1,1993,61,12496.23,21.6,35.4,-99,-99,0
1,1993,62,11665.73,22,31.4,-99,-99,7.3
1,1993,63,15340.36,20,26.4,-99,-99,19.3
1,1993,64,12395.34,20,31.4,-99,-99,0
1,1993,65,17062.31,21.2,33.4,-99,-99,1.5
1,1993,66,21593.86,20,31,-99,-99,0
1,1993,67,21893.15,20.6,31.5,-99,-99,4
1,1993,68,14843.07,20,28.2,-99,-99,0
1,1993,69,18954.71,21,32.4,-99,-99,0
1,1993,70,12035.37,22.6,30,-99,-99,0
1,1993,71,19686.22,22.8,33.2,-99,-99,0
1,1993,72,21395.98,21.6,35.2,-99,-99,0
1,1993,73,21689.61,22.6,35.2,-99,-99,0
1,1993,74,21557.31,23,34.2,-99,-99,0
1,1993,75,11788.34,23,31.6,-99,-99,0
1,1993,76,13919.58,22.6,32.7,-99,-99,26.5
1,1993,77,16760.97,20,31.8,-99,-99,0
1,1993,78,22632.16,21.6,36,-99,-99,30.3
1,1993,79,12514.98,20,32,-99,-99,30
1,1993,80,16203.36,20.8,31.2,-99,-99,0
1,1993,81,24567.79,20,35.4,-99,-99,5
1,1993,82,21875.08,20,30,-99,-99,0
1,1993,83,19890.57,21.2,33.6,-99,-99,22.3
1,1993,84,24422.07,20,31.6,-99,-99,1
1,1993,85,16392.38,21.6,32.6,-99,-99,4
1,1993,86,11991.36,21.6,33,-99,-99,0.8
1,1993,87,17891.1,22.4,31.2,-99,-99,0
1,1993,88,22078.64,21,29.2,-99,-99,9
1,1993,89,21890.29,20,31.2,-99,-99,0
1,1993,90,15292.36,20,32,-99,-99,0.3
1,1993,91,11941.9,22,32.2,-99,-99,2.3
1,1993,92,11655.19,20,31.2,-99,-99,3
1,1993,93,18983.57,20,30.4,-99,-99,0
1,1993,94,20522.81,22.8,33,-99,-99,0
1,1993,95,20087.4,22.4,34.2,-99,-99,10.7
1,1993,96,14446.23,19,31.4,-99,-99,0
1,1993,97,15420.66,21.2,30.2,-99,-99,7
1,1993,98,12741.3,20,30.2,-99,-99,0.5
1,1993,99,20168,21,33,-99,-99,5
1,1993,100,22253.11,20,32.2,-99,-99,0
1,1993,101,19292.61,22,33.4,-99,-99,8.2
1,1993,102,18295.65,20,32,-99,-99,0
1,1993,103,13109.19,21.8,31.2,-99,-99,0
1,1993,104,17003.91,20.6,32.6,-99,-99,0
1,1993,105,18798.2,22.8,33.6,-99,-99,70.2
1,1993,106,11679.05,21,30.4,-99,-99,0.5
1,1993,107,21537.22,19.8,32.4,-99,-99,24.9
1,1993,108,17485.85,20,31.6,-99,-99,4
1,1993,109,20376.93,20,33.6,-99,-99,0
1,1993,110,10798.46,21.8,32.4,-99,-99,0.8
1,1993,111,19635.02,20.6,31.6,-99,-99,5
1,1993,112,21956.97,21.2,33.2,-99,-99,0
1,1993,113,15448.33,22,31.2,-99,-99,0
1,1993,114,19971.1,22.8,33.2,-99,-99,0
1,1993,115,22555.54,21,32,-99,-99,0
1,1993,116,15661.82,22,34.6,-99,-99,30.2
1,1993,117,10981.35,20,30,-99,-99,40.8
1,1993,118,10966.95,19,30.6,-99,-99,0
1,1993,119,15323.63,20.2,32,-99,-99,0
1,1993,120,22803.06,22.8,34,-99,-99,6
1,1993,121,16233.17,21,31.4,-99,-99,10
1,1993,122,15937.66,20,32.2,-99,-99,10.2
1,1993,123,19850.34,21,31.2,-99,-99,1.4
1,1993,124,21310.99,22,32,-99,-99,0
1,1993,125,12079.48,22.8,30,-99,-99,0
1,1993,126,20570.77,22.4,33,-99,-99,0
1,1993,127,21618.03,20,32.2,-99,-99,0
1,1993,128,16738.72,22.8,31.6,-99,-99,0
1,1993,129,13891.29,22,31.6,-99,-99,0
1,1993,130,22591.95,21.2,33.2,-99,-99,0
1,1993,131,20012.13,20,32.6,-99,-99,0
1,1993,132,15702.24,21.6,31.8,-99,-99,2.2
1,1993,133,13409.16,20.8,30.2,-99,-99,9
1,1993,134,14989.29,20,31.6,-99,-99,2
1,1993,135,15499.74,22.45,33,-99,-99,0
1,1993,136,10427.88,23.8,27.8,-99,-99,0
1,1993,137,16250.86,20,31.2,-99,-99,0
1,1993,138,20996.15,19.8,33.2,-99,-99,0
1,1993,139,18585.17,21,32.77,-99,-99,0
1,1993,140,19747.37,21.8,32.4,-99,-99,20.8
1,1993,141,13786,19,30,-99,-99,0.5
1,1993,142,22062.46,20,33.2,-99,-99,4.5
1,1993,143,19534.27,20.8,32.6,-99,-99,0
1,1993,144,13862.8,22.2,32,-99,-99,14.6
1,1993,145,17122.84,19,31.6,-99,-99,20.8
1,1993,146,17101.14,19,32.6,-99,-99,0
1,1993,147,19433.56,20,33.2,-99,-99,0
1,1993,148,24110.98,21.8,34,-99,-99,0
1,1993,149,18995.57,20.8,32.4,-99,-99,3.43
1,1993,150,17801.32,21.6,33.2,-99,-99,3.45
1,1993,151,24417.01,21.6,33.35,-99,-99,20.4
1,1993,152,15683.01,20,31.6,-99,-99,0
1,1993,153,24494.24,21.6,35,-99,-99,0
1,1993,154,20838.32,23,34.2,-99,-99,0
1,1993,155,19133.98,22.4,33.6,-99,-99,0
1,1993,156,21704.58,22.8,34.2,-99,-99,0
1,1993,157,20909.45,22.8,32.4,-99,-99,0
1,1993,158,19083.21,22,33.4,-99,-99,0.5
1,1993,159,17648.16,21.6,32.6,-99,-99,0
1,1993,160,11186.43,22,30,-99,-99,0
1,1993,161,19168.89,20,33.2,-99,-99,0
1,1993,162,10270.16,21.6,29.2,-99,-99,0
1,1993,163,18629.53,19.8,32.6,-99,-99,0
1,1993,164,18233.06,20.8,33.6,-99,-99,0
1,1993,165,18223.56,21.6,32,-99,-99,0
1,1993,166,13075.42,22.6,31.6,-99,-99,0
1,1993,167,19106.25,22,33.2,-99,-99,0
1,1993,168,20254.51,21.6,33.4,-99,-99,1.4
1,1993,169,17039.46,22,34,-99,-99,0
1,1993,170,18317.8,21.2,33.4,-99,-99,0
1,1993,171,21520.48,23,32,-99,-99,0
1,1993,172,19849.47,20,33.4,-99,-99,0
1,1993,173,19462.31,22,34.6,-99,-99,0
1,1993,174,19076.21,21.8,31.4,-99,-99,0
1,1993,175,20870.88,20.6,33.2,-99,-99,0
1,1993,176,22153.74,23,32,-99,-99,0
1,1993,177,22796.69,21.8,33.2,-99,-99,0
1,1993,178,15104.23,22.8,31.6,-99,-99,0
1,1993,179,15235.11,22,31.2,-99,-99,3
1,1993,180,13698.7,21,30,-99,-99,0.6
1,1993,181,20761.77,20,32.4,-99,-99,0
1,1993,182,20254.96,22.8,34.2,-99,-99,0
1,1993,183,18849.58,23,33.6,-99,-99,0
1,1993,184,21042.14,22.8,35,-99,-99,0
1,1993,185,18480.54,21.4,33.8,-99,-99,0
1,1993,186,16688.95,20.6,32.4,-99,-99,0
1,1993,187,20044.94,19.8,33,-99,-99,0
1,1993,188,20701.09,20.2,35.2,-99,-99,0
1,1993,189,22905.77,22.6,34.6,-99,-99,0
1,1993,190,15053.22,22.8,33.4,-99,-99,1.6
1,1993,191,18420.4,21.8,31.4,-99,-99,0.6
1,1993,192,18822.15,21.8,32.4,-99,-99,0
1,1993,193,20777.08,22.6,33.4,-99,-99,0
1,1993,194,12511.18,22.8,32.6,-99,-99,0
1,1993,195,13687.79,21.4,30,-99,-99,0.5
1,1993,196,23555.97,22.6,32.8,-99,-99,0
1,1993,197,19814.11,21.8,33,-99,-99,1.22
1,1993,198,13725.85,19.65,32.6,-99,-99,0
1,1993,199,22716.23,21.8,32.4,-99,-99,0
1,1993,200,12841.71,23,33,-99,-99,0
1,1993,201,15723.81,22.4,32.6,-99,-99,0
1,1993,202,16654.81,21.8,32.4,-99,-99,0
1,1993,203,21890.29,22,33.2,-99,-99,0
1,1993,204,16169.08,22.8,31.6,-99,-99,0
1,1993,205,18677.77,21.6,33.4,-99,-99,9
1,1993,206,21849.39,20.8,33.6,-99,-99,0
1,1993,207,16358.06,21.2,34.4,-99,-99,0
1,1993,208,23877.37,22,35.8,-99,-99,0
1,1993,209,18242.88,21.8,37,-99,-99,0
1,1993,210,16814.83,22.4,36,-99,-99,0
1,1993,211,18553.69,22.8,35.2,-99,-99,0
1,1993,212,21091.42,21.8,32.6,-99,-99,0
1,1993,213,22841.61,20.8,32.6,-99,-99,0
1,1993,214,19422.55,22,36.8,-99,-99,0
1,1993,215,20378.41,21,35.6,-99,-99,0
1,1993,216,20405.67,20.8,35.8,-99,-99,0
1,1993,217,14703.05,23,33,-99,-99,0
1,1993,218,23262.96,21.8,36.2,-99,-99,0
1,1993,219,16612.28,20,33.2,-99,-99,0
1,1993,220,20113.98,21,33.2,-99,-99,0
1,1993,221,11428.49,20.2,30,-99,-99,0.5
1,1993,222,19630.77,19.8,33,-99,-99,0
1,1993,223,17774.75,21.2,30,-99,-99,0
1,1993,224,16451.64,20.6,36.2,-99,-99,0
1,1993,225,13506.74,21,35.2,-99,-99,0
1,1993,226,20543.76,22,34.6,-99,-99,0
1,1993,227,16784.59,22.8,33.4,-99,-99,0
1,1993,228,11660.65,20.8,31,-99,-99,0
1,1993,229,16690.42,22.8,33.8,-99,-99,0
1,1993,230,13180.71,23,31.8,-99,-99,0
1,1993,231,20264.97,22,33.2,-99,-99,0
1,1993,232,25462.04,20,36,-99,-99,0
1,1993,233,16632.68,20.8,37,-99,-99,0.98
1,1993,234,19380.92,22.05,34.2,-99,-99,0
1,1993,235,19812.53,20,35,-99,-99,0
1,1993,236,19013.24,21.4,36,-99,-99,0
1,1993,237,18622.41,21.4,34,-99,-99,0
1,1993,238,15349.83,20.8,31.6,-99,-99,0
1,1993,239,16325.78,21,34.8,-99,-99,0
1,1993,240,18815.58,20,35.2,-99,-99,0
1,1993,241,24337.87,21.4,36.2,-99,-99,0
1,1993,242,19263.37,22,38,-99,-99,0
1,1993,243,19142.17,21.8,37,-99,-99,0
1,1993,244,16121.12,22.8,31.2,-99,-99,0
1,1993,245,11573.65,20,30,-99,-99,0
1,1993,246,21262.26,21.6,36,-99,-99,0
1,1993,247,22800.48,20.8,36.2,-99,-99,0.8
1,1993,248,24617.49,21,30.41,-99,-99,0
1,1993,249,15621.74,20,31.2,-99,-99,0
1,1993,250,19238.05,20.2,35.6,-99,-99,0.3
1,1993,251,20914.9,20,35.2,-99,-99,18.3
1,1993,252,14534.16,20,30.6,-99,-99,0
1,1993,253,24272.64,20,33.8,-99,-99,0
1,1993,254,15380.12,20,33.4,-99,-99,0
1,1993,255,17055.53,21.6,32.6,-99,-99,0
1,1993,256,21517.14,22.2,36.4,-99,-99,0
1,1993,257,18876.42,22,35,-99,-99,0
1,1993,258,16650.7,20.2,32.6,-99,-99,3
1,1993,259,12052.19,20,31.2,-99,-99,0
1,1993,260,20839.54,20,33.4,-99,-99,0
1,1993,261,12052.59,22,33.6,-99,-99,0
1,1993,262,23075.65,21.6,34.4,-99,-99,30.8
1,1993,263,23215.83,14,35.4,-99,-99,1
1,1993,264,22517.45,22,35.4,-99,-99,36.1
1,1993,265,11767.29,20,30,-99,-99,3.7
1,1993,266,21256.74,21,31.4,-99,-99,1.5
1,1993,267,15529.73,19,32.6,-99,-99,5.5
1,1993,268,17898.24,20,33.2,-99,-99,0
1,1993,269,18171.98,21.8,32.2,-99,-99,0
1,1993,270,23886.89,22.8,36.4,-99,-99,0
1,1993,271,18158.56,22.6,33.4,-99,-99,20.5
1,1993,272,18569,19,30.2,-99,-99,0
1,1993,273,21069.83,21,31.8,-99,-99,20.6
1,1993,274,18829.02,20,30.6,-99,-99,0
1,1993,275,17007.02,19.8,32.4,-99,-99,0
1,1993,276,16856.98,21.6,31.6,-99,-99,0
1,1993,277,16984.72,21.8,33.8,-99,-99,0
1,1993,278,25598.05,23,35.6,-99,-99,0
1,1993,279,19601.28,21.6,33.8,-99,-99,0
1,1993,280,20141.79,20.2,33.4,-99,-99,0
1,1993,281,21236.21,21.8,34.4,-99,-99,0
1,1993,282,15945.02,22.8,35,-99,-99,0
1,1993,283,18425.98,22,32.6,-99,-99,4
1,1993,284,21040.98,21.8,32.6,-99,-99,0
1,1993,285,21989.69,20,35.2,-99,-99,0
1,1993,286,13945.07,22.8,29.6,-99,-99,3
1,1993,287,11718.37,19,30.2,-99,-99,0
1,1993,288,18884.04,20,33,-99,-99,1.7
1,1993,289,17069.64,21.6,34.2,-99,-99,1.4
1,1993,290,21872.57,22.8,34.2,-99,-99,3.2
1,1993,291,17442.06,19,33.4,-99,-99,37.7
1,1993,292,14945.43,20,31.2,-99,-99,0
1,1993,293,19459.16,21.2,33.4,-99,-99,12.6
1,1993,294,17376.41,19,31.6,-99,-99,0
1,1993,295,18724.18,22.5,32.4,-99,-99,31.5
1,1993,296,11718.01,21.6,30,-99,-99,0
1,1993,297,20315.09,20,33.6,-99,-99,7
1,1993,298,21243.58,20,32.4,-99,-99,0.5
1,1993,299,20941.81,22.8,33.4,-99,-99,0.3
1,1993,300,14919.02,21.6,31.6,-99,-99,0
1,1993,301,12176.36,22,32.6,-99,-99,0
1,1993,302,14467.9,20,31.6,-99,-99,5.3
1,1993,303,20824.25,19,30.8,-99,-99,5.6
1,1993,304,16593.18,22.6,27.24,-99,-99,7
1,1993,305,20493.51,21.4,39.6,-99,-99,90.8
1,1993,306,16679.16,19,31.8,-99,-99,2
1,1993,307,10715.2,20,30,-99,-99,0
1,1993,308,18651.37,21,39.6,-99,-99,80.6
1,1993,309,14046.82,22,27.4,-99,-99,0
1,1993,310,17386.27,23.63,33.8,-99,-99,0
1,1993,311,10647.79,24.22,29.6,-99,-99,0.8
1,1993,312,18943.46,22.2,31.6,-99,-99,17.7
1,1993,313,11953.36,20,27.4,-99,-99,14.3
1,1993,314,22899.29,22.2,33.33,-99,-99,0.3
1,1993,315,18192.88,21,32.6,-99,-99,0
1,1993,316,21100.36,22.8,34,-99,-99,0
1,1993,317,15876.47,20,30.8,-99,-99,23.5
1,1993,318,16385.69,19,31.4,-99,-99,2.4
1,1993,319,17292.32,22,30,-99,-99,3
1,1993,320,16206.96,20,31.44,-99,-99,0
1,1993,321,21749.45,19,35.2,-99,-99,0
1,1993,322,20000.27,20.6,34.2,-99,-99,0
1,1993,323,19974.04,21,35.2,-99,-99,40.2
1,1993,324,13083.69,20,31.2,-99,-99,0
1,1993,325,18868.32,22,32.4,-99,-99,0
1,1993,326,18976.68,21.6,33.6,-99,-99,1.1
1,1993,327,17901.31,21,34.6,-99,-99,0
1,1993,328,19719.99,22,35,-99,-99,0
1,1993,329,15890.53,20.8,31.4,-99,-99,6
1,1993,330,12331.9,21.2,30.6,-99,-99,0
1,1993,331,20964.83,19.8,31.2,-99,-99,3
1,1993,332,14268.22,20,32.2,-99,-99,20
1,1993,333,14122.93,21,30.2,-99,-99,0
1,1993,334,19204.35,19.2,32,-99,-99,0
1,1993,335,21928.09,20,33.2,-99,-99,0
1,1993,336,16170.27,22.2,32.6,-99,-99,0
1,1993,337,15505.11,22,31.26,-99,-99,0.8
1,1993,338,16795.19,22.8,30.4,-99,-99,0
1,1993,339,14309.97,20.6,31,-99,-99,8
1,1993,340,14690.12,21.6,32.9,-99,-99,0.7
1,1993,341,18840.16,21.8,33.2,-99,-99,0
1,1993,342,18699.18,22.8,34,-99,-99,0
1,1993,343,19078.69,21,34,-99,-99,5
1,1993,344,15954.38,22,31.2,-99,-99,6
1,1993,345,14390.47,20,30,-99,-99,0
1,1993,346,17886.65,21.2,32.6,-99,-99,1
1,1993,347,15287.63,20,31.2,-99,-99,0
1,1993,348,19301.74,22,33.2,-99,-99,9
1,1993,349,10873.58,19,30,-99,-99,0
1,1993,350,21626.82,20,31.6,-99,-99,0
1,1993,351,18126.18,20.8,31.4,-99,-99,0
1,1993,352,19161.71,22.4,31.47,-99,-99,0
1,1993,353,23178.24,23.4,31.65,-99,-99,0
1,1993,354,23438.76,22,35,-99,-99,0
1,1993,355,21238.48,20.2,32.6,-99,-99,0
1,1993,356,18261.1,19,33.6,-99,-99,4
1,1993,357,14505.75,20,30,-99,-99,0
1,1993,358,22290.24,21,33.4,-99,-99,0
1,1993,359,21130.29,22.6,31.22,-99,-99,0
1,1993,360,20749.27,22.6,31.6,-99,-99,0
1,1993,361,20498.88,21.6,32.4,-99,-99,0
1,1993,362,21028.65,23,33.4,-99,-99,0
1,1993,363,22599.69,22.6,31.6,-99,-99,2.1
1,1993,364,22093.24,20,31,-99,-99,0.09
1,1993,365,22107.75,20,33,-99,-99,0.3
