-75,3.91,415,0,0
1,2008,1,22644.24,23.6,33,-99,-99,0
1,2008,2,23182.54,23,32.6,-99,-99,0
1,2008,3,14986.57,23.6,32.8,-99,-99,0
1,2008,4,22829.56,22,32.2,-99,-99,0
1,2008,5,15535.98,22.8,31.4,-99,-99,0
1,2008,6,21564.59,23.8,32,-99,-99,0
1,2008,7,20408.42,23,34.2,-99,-99,0
1,2008,8,14404.52,24,31.8,-99,-99,0
1,2008,9,10093.62,24,30.4,-99,-99,122
1,2008,10,16537.35,22.8,31.6,-99,-99,0
1,2008,11,20630.53,23,30,-99,-99,0
1,2008,12,19076.84,22.4,30.8,-99,-99,0
1,2008,13,20549.6,23.2,32.4,-99,-99,10.2
1,2008,14,12795.58,22.8,29.2,-99,-99,3
1,2008,15,19943.03,23,32.6,-99,-99,20.2
1,2008,16,15739.5,21,32,-99,-99,1
1,2008,17,14040.77,22.8,29.8,-99,-99,0
1,2008,18,22014.56,22,32,-99,-99,0
1,2008,19,22311.74,21.8,33.2,-99,-99,0
1,2008,20,19420.19,22.8,33.4,-99,-99,0
1,2008,21,13326.38,22,31.6,-99,-99,0
1,2008,22,21345.28,23,32.4,-99,-99,0
1,2008,23,20710.69,22.6,33,-99,-99,30.4
1,2008,24,17267.14,22,31.4,-99,-99,20.3
1,2008,25,13010.35,22.2,31.3,-99,-99,10.2
1,2008,26,17054.55,22.4,29.6,-99,-99,0
1,2008,27,18156.74,23,30.4,-99,-99,0
1,2008,28,18993.47,22.6,33.8,-99,-99,0
1,2008,29,19159.41,22.4,33.6,-99,-99,0
1,2008,30,23373.25,22.6,32,-99,-99,0
1,2008,31,21655.04,22.4,33.6,-99,-99,0
1,2008,32,22502.76,21.8,32.8,-99,-99,0
1,2008,33,20777.95,22,33.4,-99,-99,0
1,2008,34,24206.07,22,33.2,-99,-99,0
1,2008,35,22342.5,21.6,32.6,-99,-99,0
1,2008,36,18839.1,22,32.4,-99,-99,0
1,2008,37,19143.23,22.8,32.8,-99,-99,0
1,2008,38,23682.12,23,34,-99,-99,0
1,2008,39,23036.65,23,33.8,-99,-99,0
1,2008,40,21293,24,32.4,-99,-99,0
1,2008,41,14193.13,23.2,31.2,-99,-99,0
1,2008,42,18750.96,23.2,32,-99,-99,0
1,2008,43,22771.45,24,34.6,-99,-99,0
1,2008,44,17295.05,23.8,34,-99,-99,0
1,2008,45,15666.46,24,33.8,-99,-99,10.4
1,2008,46,19560.46,23,33.4,-99,-99,6
1,2008,47,22357.77,22.2,32,-99,-99,2
1,2008,48,19203.85,22.8,32,-99,-99,0
1,2008,49,16873.45,22.4,33.4,-99,-99,70.2
1,2008,50,13147.17,21.8,29.8,-99,-99,0
1,2008,51,16717.51,22.8,31,-99,-99,30.2
1,2008,52,14300.24,22,31.6,-99,-99,10.3
1,2008,53,20734.92,23.2,31.4,-99,-99,0
1,2008,54,21599.85,21.8,31.2,-99,-99,0
1,2008,55,19950.22,23,32,-99,-99,9
1,2008,56,18855.85,22,31.67,-99,-99,0
1,2008,57,22380.69,23.2,32.6,-99,-99,4
1,2008,58,20583.93,23,31.8,-99,-99,6
1,2008,59,19624.83,23,30,-99,-99,0
1,2008,60,23018.05,22.8,32,-99,-99,0
1,2008,61,18542.43,23.6,33,-99,-99,0
1,2008,62,22642.67,23,33.2,-99,-99,0
1,2008,63,21678.36,22.8,33.4,-99,-99,2
1,2008,64,17751.54,22.8,32.4,-99,-99,0
1,2008,65,17344.42,23.2,31.8,-99,-99,0
1,2008,66,15242.12,22.8,31.4,-99,-99,0
1,2008,67,22175.63,23.2,33.2,-99,-99,0
1,2008,68,20071.94,24,32.6,-99,-99,40.8
1,2008,69,18530.52,20.6,32.6,-99,-99,0
1,2008,70,15996.37,22.6,31.4,-99,-99,0
1,2008,71,13600.63,21.8,30,-99,-99,20.2
1,2008,72,22528.61,23,32.2,-99,-99,8
1,2008,73,11067.63,22,28.8,-99,-99,0
1,2008,74,13765.68,21.2,29.28,-99,-99,5
1,2008,75,23832.7,21,31.6,-99,-99,0
1,2008,76,20438.85,23,33.4,-99,-99,7
1,2008,77,16901.18,21.4,31.2,-99,-99,0
1,2008,78,20307.74,22,33,-99,-99,0
1,2008,79,21870.74,22.6,33.8,-99,-99,0
1,2008,80,18896.6,23.8,32.8,-99,-99,30.8
1,2008,81,16488.77,21.6,30,-99,-99,0
1,2008,82,18332.14,23,33,-99,-99,0
1,2008,83,19040.42,23.8,33.2,-99,-99,0
1,2008,84,17764.21,22.8,33.4,-99,-99,0
1,2008,85,17479.06,22.8,32.8,-99,-99,0
1,2008,86,20307.64,23,33.2,-99,-99,0
1,2008,87,22991.55,24,35.4,-99,-99,0
1,2008,88,19589.83,23.8,33.4,-99,-99,0
1,2008,89,15624.83,24,33.8,-99,-99,50.2
1,2008,90,14913.04,21.8,31.2,-99,-99,0
1,2008,91,14766.17,23.6,30,-99,-99,6
1,2008,92,11372.95,22.8,30.2,-99,-99,0
1,2008,93,24483.5,23,32.8,-99,-99,0
1,2008,94,22636.6,22.2,32.2,-99,-99,0
1,2008,95,23889.21,22,33.8,-99,-99,0
1,2008,96,14024.16,22.8,30.8,-99,-99,0
1,2008,97,20059.33,22.6,32,-99,-99,40.2
1,2008,98,16252.19,21.6,31.6,-99,-99,0
1,2008,99,23254.58,22,32.8,-99,-99,20.6
1,2008,100,14964.92,22,30.4,-99,-99,10.8
1,2008,101,17752.51,21.8,31.2,-99,-99,40.6
1,2008,102,11162.95,21,29.6,-99,-99,0
1,2008,103,22468.98,21,32.4,-99,-99,0
1,2008,104,16445.77,22.4,31.2,-99,-99,20.9
1,2008,105,17125.81,21.6,30.6,-99,-99,2
1,2008,106,15576.45,22.8,31,-99,-99,5
1,2008,107,19173.96,21.6,33.2,-99,-99,0
1,2008,108,21789.66,22.2,34.2,-99,-99,0
1,2008,109,17742.65,23,31,-99,-99,0
1,2008,110,22844.13,23.4,34.6,-99,-99,0
1,2008,111,21017.64,23.6,32,-99,-99,0
1,2008,112,24856.32,24,29,-99,-99,4.37
1,2008,113,21585.91,21,33.6,-99,-99,7.5
1,2008,114,16529.62,24,34,-99,-99,0
1,2008,115,22280.63,24,33,-99,-99,1.89
1,2008,116,21996.25,22.8,34,-99,-99,36
1,2008,117,19614.34,22,31,-99,-99,74
1,2008,118,17944.66,22,31.2,-99,-99,0
1,2008,119,23383.14,22.2,32.2,-99,-99,0
1,2008,120,19666.22,22,33.6,-99,-99,1
1,2008,121,18275.65,22.2,33,-99,-99,6.64
1,2008,122,18792.51,23,32.8,-99,-99,20.2
1,2008,123,15235.71,22,33.2,-99,-99,0
1,2008,124,21175.49,23.2,32.2,-99,-99,50
1,2008,125,16814.3,21.8,30,-99,-99,0
1,2008,126,22866.77,22.2,32.6,-99,-99,1.3
1,2008,127,18786.48,22.4,32,-99,-99,0
1,2008,128,21450.22,22,34.2,-99,-99,0
1,2008,129,14697.64,22.6,31,-99,-99,13.5
1,2008,130,15078.33,22,32,-99,-99,1.8
1,2008,131,20012.13,21.8,33.6,-99,-99,0
1,2008,132,18778.11,22.8,34,-99,-99,0
1,2008,133,23689.93,23,34,-99,-99,0
1,2008,134,21387.74,23.8,36,-99,-99,0
1,2008,135,20157.81,24.6,35.8,-99,-99,0
1,2008,136,21589.5,23.4,35.6,-99,-99,0
1,2008,137,17710.2,22.8,33.4,-99,-99,30
1,2008,138,10929.1,21.8,30,-99,-99,3
1,2008,139,18320.65,22.6,31.2,-99,-99,0
1,2008,140,16445.94,23,32.6,-99,-99,0
1,2008,141,10357.64,22.8,28.2,-99,-99,20.4
1,2008,142,13240.83,22,30.8,-99,-99,0
1,2008,143,13354.9,22.2,30.4,-99,-99,42.9
1,2008,144,17932.77,21.6,30.8,-99,-99,3.8
1,2008,145,19482.77,21.8,31,-99,-99,20.2
1,2008,146,15006.27,22,29.8,-99,-99,0
1,2008,147,15118.63,23.2,30,-99,-99,51.4
1,2008,148,15622.87,21.2,29.8,-99,-99,12
1,2008,149,15474.18,22.2,30,-99,-99,0
1,2008,150,15977.65,22.6,30,-99,-99,0
1,2008,151,14398.7,22.8,32,-99,-99,0
1,2008,152,14123.51,22.8,31,-99,-99,0
1,2008,153,15277.39,23,32.2,-99,-99,0
1,2008,154,16040.28,23.2,33.2,-99,-99,0
1,2008,155,11749.99,23.8,30.8,-99,-99,0
1,2008,156,21834,21.8,33,-99,-99,0
1,2008,157,13151.71,23,32.2,-99,-99,0
1,2008,158,14561.88,24,32.4,-99,-99,0
1,2008,159,14679.51,23.2,31.6,-99,-99,0
1,2008,160,13120.97,22.8,31.2,-99,-99,0
1,2008,161,14916.09,23.2,32.4,-99,-99,0
1,2008,162,14262.42,23,28.2,-99,-99,31.9
1,2008,163,16956.45,23,32,-99,-99,0
1,2008,164,23635.19,24,35.2,-99,-99,0
1,2008,165,18994.87,23.4,33.8,-99,-99,0
1,2008,166,12561.47,23.2,33,-99,-99,0
1,2008,167,13069.98,24,32.6,-99,-99,0
1,2008,168,13707.08,23,32.4,-99,-99,0
1,2008,169,14472.71,22.2,31,-99,-99,2
1,2008,170,16521.58,23,32.8,-99,-99,0
1,2008,171,12926.27,24,29.8,-99,-99,1.8
1,2008,172,21901.46,22.8,32.4,-99,-99,0
1,2008,173,12153.02,23.2,31,-99,-99,2.5
1,2008,174,14460.13,23,32,-99,-99,20
1,2008,175,14203.32,22.4,34,-99,-99,0
1,2008,176,10100.39,22.4,30.97,-99,-99,15
1,2008,177,16641.23,21.8,31.4,-99,-99,0
1,2008,178,18310.66,22.8,31,-99,-99,26.5
1,2008,179,15363.39,21.6,33,-99,-99,0
1,2008,180,13570.38,23.2,31.6,-99,-99,0
1,2008,181,19991.65,22.8,32.8,-99,-99,0
1,2008,182,19869.76,22,33.6,-99,-99,0
1,2008,183,17821.97,23,31.6,-99,-99,0.7
1,2008,184,13460.09,22,32,-99,-99,0
1,2008,185,13466.15,22.8,32,-99,-99,0.2
1,2008,186,15659.78,21.6,32.4,-99,-99,0
1,2008,187,15024.75,22.8,31.8,-99,-99,0
1,2008,188,22633.19,22.2,32.6,-99,-99,0
1,2008,189,22132.39,23,33.2,-99,-99,0
1,2008,190,13376.32,21,32,-99,-99,0
1,2008,191,13902.13,22.8,31.4,-99,-99,1.4
1,2008,192,10940.91,22.6,30.2,-99,-99,1.1
1,2008,193,17802.87,21.8,33,-99,-99,0
1,2008,194,21700.82,22.8,32.6,-99,-99,0
1,2008,195,18740.44,21.6,33,-99,-99,74.5
1,2008,196,15256.22,20.8,32.6,-99,-99,6.2
1,2008,197,16698.5,22.8,33,-99,-99,0
1,2008,198,13206.02,23.6,32.8,-99,-99,0
1,2008,199,21415.25,22,32,-99,-99,0
1,2008,200,16358.35,23,32.8,-99,-99,0
1,2008,201,20939.73,21.6,31.8,-99,-99,0
1,2008,202,20571.43,20.6,34,-99,-99,0
1,2008,203,17719.2,24,33.8,-99,-99,0
1,2008,204,17216.1,23,34,-99,-99,0
1,2008,205,23919.57,22.8,34,-99,-99,0
1,2008,206,21849.39,23,34.6,-99,-99,0
1,2008,207,17409.17,23.8,33.6,-99,-99,3
1,2008,208,19930.39,22,32.2,-99,-99,1.3
1,2008,209,21800.01,21.8,34.6,-99,-99,0
1,2008,210,16814.83,23,33.2,-99,-99,0
1,2008,211,17496.79,24,33.6,-99,-99,0
1,2008,212,19371.54,23.8,32.8,-99,-99,0
1,2008,213,14362.43,24,31.2,-99,-99,1.8
1,2008,214,17299.71,23,33.8,-99,-99,3
1,2008,215,23434.4,22,31.8,-99,-99,0
1,2008,216,21736.29,22.6,32,-99,-99,56.7
1,2008,217,20433.05,21,31.6,-99,-99,5
1,2008,218,21394.65,23,33,-99,-99,0
1,2008,219,15543.11,21.4,31,-99,-99,0.7
1,2008,220,22790.8,22,34,-99,-99,0
1,2008,221,18398.39,23,32.8,-99,-99,0
1,2008,222,18154.22,21.8,33,-99,-99,0
1,2008,223,17640.32,22,32.8,-99,-99,2
1,2008,224,12009.13,21.8,30,-99,-99,0.9
1,2008,225,17281.56,22.6,32.6,-99,-99,0
1,2008,226,16088.5,23,31.8,-99,-99,0
1,2008,227,20434.96,22,35,-99,-99,0
1,2008,228,19513.19,23.6,32.8,-99,-99,0
1,2008,229,16148.12,22.4,31,-99,-99,33.7
1,2008,230,16167.49,20.8,30,-99,-99,16.9
1,2008,231,11292.5,21.6,28.8,-99,-99,0
1,2008,232,16069.21,22.4,31.4,-99,-99,0
1,2008,233,18949.89,23,31.2,-99,-99,31.7
1,2008,234,19244.44,20.8,30,-99,-99,8.9
1,2008,235,18445.97,22,32.6,-99,-99,0.2
1,2008,236,18329.12,21.4,31.2,-99,-99,46.6
1,2008,237,16567.53,20.8,29.2,-99,-99,3.8
1,2008,238,16309.91,23,32.8,-99,-99,0
1,2008,239,17973.54,23,32.2,-99,-99,0
1,2008,240,23352.02,23.2,31.8,-99,-99,0
1,2008,241,17732.19,23.8,31.6,-99,-99,2.1
1,2008,242,19401.13,21.6,32,-99,-99,2
1,2008,243,17901.02,23.2,32,-99,-99,0
1,2008,244,14188.52,22,31.6,-99,-99,0
1,2008,245,21252.48,23.2,33,-99,-99,0
1,2008,246,20155.85,23.4,32.4,-99,-99,0
1,2008,247,10896.07,24,29.4,-99,-99,9.1
1,2008,248,13257.25,22.4,30.4,-99,-99,11.1
1,2008,249,17701.49,22,31,-99,-99,0
1,2008,250,22706.94,23,34.2,-99,-99,3
1,2008,251,11056.2,22.2,30.6,-99,-99,0
1,2008,252,17452.08,22.4,33,-99,-99,0
1,2008,253,16625.65,23,34,-99,-99,0
1,2008,254,18858.06,21.6,32.8,-99,-99,0
1,2008,255,22762.98,23.4,32.4,-99,-99,0
1,2008,256,24838.94,22.2,31.4,-99,-99,0
1,2008,257,23542.89,21.2,31.2,-99,-99,0
1,2008,258,20074.41,22.2,33,-99,-99,0
1,2008,259,14292.2,23.4,32.4,-99,-99,0
1,2008,260,14007.13,22.6,33.8,-99,-99,0
1,2008,261,17715.55,23.4,34.2,-99,-99,0
1,2008,262,24600.18,21.6,35.4,-99,-99,120
1,2008,263,15452.93,20,30.8,-99,-99,0
1,2008,264,24217.29,21.6,32,-99,-99,0
1,2008,265,22658.32,23.4,33,-99,-99,0
1,2008,266,16717.51,21.45,34.2,-99,-99,0
1,2008,267,22318.01,23.2,32.8,-99,-99,0
1,2008,268,22470.21,24,33.2,-99,-99,10.8
1,2008,269,20570.54,23,32.48,-99,-99,0
1,2008,270,17396.69,21,32.8,-99,-99,1
1,2008,271,23114.18,20.73,35.97,-99,-99,8.6
1,2008,272,23542.89,22.2,34.5,-99,-99,0
1,2008,273,20911.32,23,31.6,-99,-99,0
1,2008,274,21969.76,21.4,33,-99,-99,0
1,2008,275,15703.54,21.6,33,-99,-99,0
1,2008,276,22762.98,23.6,32.6,-99,-99,0
1,2008,277,20868.2,23,28.4,-99,-99,0
1,2008,278,21890.29,23.55,32,-99,-99,0
1,2008,279,17891.1,23.6,31,-99,-99,0
1,2008,280,17787.54,23.2,28.2,-99,-99,0
1,2008,281,10302.48,22,33.6,-99,-99,0
1,2008,282,19285.89,23.6,34.2,-99,-99,0
1,2008,283,22244.8,19.15,32.2,-99,-99,0
1,2008,284,19523.49,20.36,28.4,-99,-99,4.97
1,2008,285,22244.8,21.9,33.2,-99,-99,25.8
1,2008,286,13657.24,23,30,-99,-99,0
1,2008,287,20538.56,22.2,33,-99,-99,20
1,2008,288,16674.05,22.05,28.54,-99,-99,0
1,2008,289,10586.63,22.4,32.8,-99,-99,40.5
1,2008,290,17187.41,21.6,32,-99,-99,0
1,2008,291,15101.9,22.8,31.6,-99,-99,0
1,2008,292,17970.68,22.6,32.6,-99,-99,0
1,2008,293,20145.96,22.6,33,-99,-99,0.3
1,2008,294,23276.35,23.2,34,-99,-99,0
1,2008,295,22287.51,21.8,32.4,-99,-99,3.2
1,2008,296,15824.75,23.8,34.6,-99,-99,0
1,2008,297,24006.75,23.6,34.2,-99,-99,2.4
1,2008,298,21380.14,22.8,32.6,-99,-99,0
1,2008,299,15895.24,23,33.8,-99,-99,0
1,2008,300,18733.26,23.8,32,-99,-99,110.3
1,2008,301,14081.06,21.2,30,-99,-99,10.2
1,2008,302,17457.14,23,32,-99,-99,26.3
1,2008,303,11596.77,21.8,31.8,-99,-99,0
1,2008,304,23369.18,23.2,33,-99,-99,1.4
1,2008,305,16568.63,22.6,31.6,-99,-99,34.5
1,2008,306,17490.12,21.8,32.4,-99,-99,9.8
1,2008,307,18409.03,22,32.2,-99,-99,36.2
1,2008,308,15011.83,21.8,30,-99,-99,3.7
1,2008,309,13239.12,22,29.8,-99,-99,0.4
1,2008,310,18058.44,21.8,32,-99,-99,0.6
1,2008,311,18300.15,23,31.8,-99,-99,0
1,2008,312,19747.88,22.2,32.6,-99,-99,34.9
1,2008,313,19718.98,21.6,31,-99,-99,8
1,2008,314,22230.74,22.8,33,-99,-99,0
1,2008,315,19928.79,22,32,-99,-99,10.4
1,2008,316,21367.07,23.4,30.51,-99,-99,0
1,2008,317,15077.4,22.8,31.4,-99,-99,0
1,2008,318,10267.47,23.6,32.4,-99,-99,0
1,2008,319,15299.83,22.8,33.2,-99,-99,1.9
1,2008,320,11961.73,22.2,31.2,-99,-99,0
1,2008,321,17244.58,23,31.8,-99,-99,0
1,2008,322,19470.95,22.8,33.2,-99,-99,0
1,2008,323,10986.44,23.6,31,-99,-99,2.4
1,2008,324,16648.02,23.2,32,-99,-99,0
1,2008,325,14912.6,23,31.6,-99,-99,8
1,2008,326,19240.09,22.4,31.4,-99,-99,2.8
1,2008,327,17638.19,23,31.8,-99,-99,60.4
1,2008,328,15514.71,22,31.6,-99,-99,5.4
1,2008,329,12608.64,21,29.8,-99,-99,5.3
1,2008,330,14823.56,23,30.4,-99,-99,5
1,2008,331,10091.01,22.4,29.6,-99,-99,8.5
1,2008,332,17147.66,23,31.8,-99,-99,0
1,2008,333,16999.71,22.8,31.8,-99,-99,0
1,2008,334,10059.08,23.6,30,-99,-99,30.5
1,2008,335,16837.19,22.8,31.4,-99,-99,0
1,2008,336,18648.45,21.4,31.2,-99,-99,4
1,2008,337,16417.42,23,30,-99,-99,2
1,2008,338,15753.3,22.8,31.4,-99,-99,5
1,2008,339,18214.38,22.2,31.6,-99,-99,0
1,2008,340,19762.62,23,32,-99,-99,0
1,2008,341,20270.02,23.2,32.2,-99,-99,20.7
1,2008,342,11813.6,21.4,32,-99,-99,1
1,2008,343,17910.02,22,31.2,-99,-99,0
1,2008,344,21535.51,23,33.2,-99,-99,0
1,2008,345,20099.1,22.2,33,-99,-99,0
1,2008,346,17367.87,23.2,32.6,-99,-99,0
1,2008,347,20731.03,22.8,32,-99,-99,0
1,2008,348,19949.87,23,31.4,-99,-99,0
1,2008,349,16964.74,23.4,32.4,-99,-99,0
1,2008,350,19812.7,23.6,32.4,-99,-99,0
1,2008,351,20717.54,23.6,33,-99,-99,0
1,2008,352,22530.33,23,33,-99,-99,0
1,2008,353,14886.16,24,32,-99,-99,0
1,2008,354,14887.02,23.6,31.8,-99,-99,1
1,2008,355,15407.07,23,30.4,-99,-99,0
1,2008,356,10743.79,23.4,30,-99,-99,0
1,2008,357,18135.6,23,32.4,-99,-99,13
1,2008,358,18529.74,23,32.2,-99,-99,0
1,2008,359,19184.57,23.6,33,-99,-99,0
1,2008,360,17634.93,23,32.6,-99,-99,0
1,2008,361,18291.95,23.8,33.4,-99,-99,0
1,2008,362,15183.98,23.2,33.2,-99,-99,0
1,2008,363,22079.89,22.8,33,-99,-99,0
1,2008,364,22353.29,22.6,33.4,-99,-99,0
1,2008,365,22628.18,23,33.8,-99,-99,0
1,2008,366,22123.41,22.4,33.6,-99,-99,7.5
