-75,3.91,415,0,0
1,1985,1,21028.53,21,33.2,-99,-99,0
1,1985,2,23281.14,22.4,32.4,-99,-99,0
1,1985,3,23848.84,22.2,35,-99,-99,0
1,1985,4,17049.74,22.8,34,-99,-99,0
1,1985,5,10902.03,23,33.4,-99,-99,0
1,1985,6,11585.77,21.8,33,-99,-99,0
1,1985,7,18761.03,23,33.2,-99,-99,0
1,1985,8,15662.64,22.4,32.4,-99,-99,0
1,1985,9,17196.19,22.6,32.6,-99,-99,0
1,1985,10,20954.44,22.8,34,-99,-99,0
1,1985,11,20762.38,23,33.6,-99,-99,0
1,1985,12,19215.52,22.8,33.4,-99,-99,0
1,1985,13,13863.44,22.2,33.4,-99,-99,0
1,1985,14,14862.05,21.8,33.2,-99,-99,0
1,1985,15,15662.64,21.6,33,-99,-99,0
1,1985,16,20331.87,21.6,32,-99,-99,0
1,1985,17,20698.9,21.2,34,-99,-99,0
1,1985,18,16806.71,20.8,32.6,-99,-99,0
1,1985,19,20506.58,23,34.2,-99,-99,0
1,1985,20,23010.83,23,35,-99,-99,0
1,1985,21,11354.04,22.2,34.6,-99,-99,0
1,1985,22,18260.56,21.6,33.6,-99,-99,0
1,1985,23,12358.47,23,33.8,-99,-99,0
1,1985,24,14443.28,23.4,34.2,-99,-99,0
1,1985,25,19215.52,23.2,34.8,-99,-99,0
1,1985,26,14292.2,23,34.8,-99,-99,0
1,1985,27,16163.78,22.8,35.2,-99,-99,0
1,1985,28,15292.36,22.4,35.2,-99,-99,0
1,1985,29,20762.38,22.4,35.4,-99,-99,0
1,1985,30,18883.11,22.2,35.2,-99,-99,0
1,1985,31,19666.94,22,35.8,-99,-99,0
1,1985,32,21378.97,21.2,35.8,-99,-99,0
1,1985,33,22217.06,22.8,35.4,-99,-99,0
1,1985,34,23637.54,22.4,35,-99,-99,0
1,1985,35,23713.25,21.6,36,-99,-99,0
1,1985,36,23178.29,21,36.6,-99,-99,0
1,1985,37,12967.06,20.6,36.8,-99,-99,0
1,1985,38,14968.31,23,35.8,-99,-99,0
1,1985,39,15387.5,22.8,35,-99,-99,26.7
1,1985,40,16348.64,21,33,-99,-99,3.6
1,1985,41,13406.07,23,32,-99,-99,0
1,1985,42,23502.7,22,35.6,-99,-99,0
1,1985,43,22658.32,21.6,37,-99,-99,0
1,1985,44,24025.63,22.2,36.6,-99,-99,0
1,1985,45,24073.13,22.4,37.2,-99,-99,0
1,1985,46,23945.59,21.8,37,-99,-99,0
1,1985,47,22023.71,23,37.4,-99,-99,0
1,1985,48,21744.19,22.2,37.2,-99,-99,0.2
1,1985,49,14443.28,22,36.4,-99,-99,8.3
1,1985,50,24512.25,21.6,37,-99,-99,0
1,1985,51,22939.35,22.6,36.6,-99,-99,3.1
1,1985,52,22992.96,21,35.21,-99,-99,0
1,1985,53,23156.92,23,36.6,-99,-99,0
1,1985,54,11039.86,23.8,36.4,-99,-99,0
1,1985,55,14808.71,22.8,35.6,-99,-99,4.1
1,1985,56,16945.15,21.4,35.6,-99,-99,0
1,1985,57,18675.09,22,35.4,-99,-99,0.7
1,1985,58,16760.97,22.6,35.2,-99,-99,0
1,1985,59,23460.16,22.4,36.4,-99,-99,0
1,1985,60,17396.69,22.6,36,-99,-99,0
1,1985,61,20074.41,22.6,37.6,-99,-99,0
1,1985,62,16436.13,23,34.2,-99,-99,0
1,1985,63,22523.05,23.2,34,-99,-99,13.7
1,1985,64,18045.31,22.8,37.6,-99,-99,78.9
1,1985,65,10863.88,21,33.53,-99,-99,8.4
1,1985,66,12019.8,22.4,36,-99,-99,0
1,1985,67,22293.6,24.4,36,-99,-99,0
1,1985,68,23523.96,23.8,37.2,-99,-99,17.2
1,1985,69,20602.52,21,34.6,-99,-99,2.2
1,1985,70,21969.76,23,31.67,-99,-99,0.2
1,1985,71,22470.21,22,35.8,-99,-99,0
1,1985,72,20731.03,23.2,35.2,-99,-99,0
1,1985,73,22444.65,23,35.2,-99,-99,0
1,1985,74,23542.89,23.2,34.8,-99,-99,0
1,1985,75,21318.11,23.4,33.8,-99,-99,0
1,1985,76,25448.79,23.6,34,-99,-99,0
1,1985,77,22023.71,24,33.2,-99,-99,0
1,1985,78,20538.56,22.8,33,-99,-99,0
1,1985,79,10980.79,23.8,33.6,-99,-99,0
1,1985,80,23599.68,21.2,33.4,-99,-99,0
1,1985,81,23732.18,22,34,-99,-99,0
1,1985,82,22658.32,22.6,34.4,-99,-99,0
1,1985,83,21677.59,22.8,34.4,-99,-99,0
1,1985,84,22244.8,22,33.6,-99,-99,0
1,1985,85,15016,22.8,33.6,-99,-99,0
1,1985,86,19751.48,23.2,34,-99,-99,38.4
1,1985,87,20911.32,22,34.2,-99,-99,3
1,1985,88,19075.15,22.6,34,-99,-99,1
1,1985,89,15938.28,22,34,-99,-99,0
1,1985,90,11412.9,22.8,33.4,-99,-99,8.5
1,1985,91,13011.62,22,32,-99,-99,0.5
1,1985,92,18312.46,22.2,32.6,-99,-99,0.1
1,1985,93,22293.6,22.8,33.4,-99,-99,0
1,1985,94,18405.02,24,33.13,-99,-99,2
1,1985,95,20731.03,22.73,34,-99,-99,0
1,1985,96,18208.65,23.63,33.6,-99,-99,0
1,1985,97,20252.51,23,33.4,-99,-99,0.4
1,1985,98,16210.82,22.2,33.2,-99,-99,1.6
1,1985,99,21744.19,23.6,32.6,-99,-99,0
1,1985,100,20032.63,22.8,34.2,-99,-99,29.4
1,1985,101,20288.76,21.4,33.6,-99,-99,16
1,1985,102,21644.29,22.2,34,-99,-99,0
1,1985,103,24152.29,22.6,34.2,-99,-99,0
1,1985,104,22939.35,23,34,-99,-99,0.8
1,1985,105,23135.55,23.2,34.4,-99,-99,0.8
1,1985,106,22833.3,23.6,34,-99,-99,0
1,1985,107,20288.76,23,33.8,-99,-99,3.8
1,1985,108,22495.77,24.6,34.4,-99,-99,10.2
1,1985,109,20032.63,22.8,34,-99,-99,0
1,1985,110,10217.69,24,34.46,-99,-99,0
1,1985,111,21916.78,23.4,33.6,-99,-99,0
1,1985,112,12161.97,23.6,33.4,-99,-99,5.7
1,1985,113,18208.65,23.2,33.2,-99,-99,11.3
1,1985,114,14054.51,22.2,31.69,-99,-99,33.7
1,1985,115,19751.48,21.6,32.4,-99,-99,2.2
1,1985,116,16304.89,22.8,32.2,-99,-99,0
1,1985,117,15518.35,22.6,32,-99,-99,0
1,1985,118,23396.36,21.8,32.6,-99,-99,0
1,1985,119,19949.39,23,32.8,-99,-99,0
1,1985,120,13604.56,22.6,32.6,-99,-99,4.1
1,1985,121,22419.09,21.8,32.2,-99,-99,0
1,1985,122,24183.96,22.2,32.6,-99,-99,0
1,1985,123,20954.44,22.8,33,-99,-99,0
1,1985,124,20032.63,23,32.6,-99,-99,4.7
1,1985,125,21448.78,21.8,31.69,-99,-99,0
1,1985,126,19949.39,22.6,35.4,-99,-99,0
1,1985,127,20731.03,23.2,35.2,-99,-99,0
1,1985,128,14391.56,23.4,35.4,-99,-99,6.5
1,1985,129,19123.2,22,30,-99,-99,0
1,1985,130,18358.74,23,35.4,-99,-99,18.4
1,1985,131,11000.48,21,30.5,-99,-99,0
1,1985,132,18846.43,22.4,34,-99,-99,36
1,1985,133,20374.99,20.6,30.45,-99,-99,0.2
1,1985,134,20252.51,22.6,31.57,-99,-99,0
1,1985,135,23438.89,21.8,32.4,-99,-99,0
1,1985,136,11620.34,23,32.6,-99,-99,27
1,1985,137,14339.84,20.4,31.4,-99,-99,0.4
1,1985,138,19866.45,22.4,31.2,-99,-99,0.6
1,1985,139,15155.84,22,31.8,-99,-99,0
1,1985,140,21378.97,22.6,34,-99,-99,0
1,1985,141,23071.44,22.6,34,-99,-99,0
1,1985,142,21348.54,23,33.2,-99,-99,32.2
1,1985,143,17445.65,21.4,32,-99,-99,2.4
1,1985,144,17196.19,22.6,31,-99,-99,0
1,1985,145,19026.47,23,32.6,-99,-99,9.9
1,1985,146,19026.47,22.6,33.2,-99,-99,0
1,1985,147,20074.41,22.2,34.2,-99,-99,0
1,1985,148,16760.97,23,34.4,-99,-99,1.5
1,1985,149,19123.2,22.6,33.6,-99,-99,0
1,1985,150,12358.47,23,33.4,-99,-99,0.4
1,1985,151,17942.5,22,33.8,-99,-99,0
1,1985,152,15292.36,23.2,33.6,-99,-99,2.4
1,1985,153,11324.61,23,33,-99,-99,1.5
1,1985,154,20634.64,23.2,32.8,-99,-99,0
1,1985,155,22495.77,22.6,33.2,-99,-99,0
1,1985,156,23281.14,22.8,34.6,-99,-99,0
1,1985,157,10980.79,23,30.59,-99,-99,7.1
1,1985,158,19558.62,21.6,33.6,-99,-99,0
1,1985,159,17993.91,22.2,33,-99,-99,0
1,1985,160,20110.2,22.6,32.6,-99,-99,0
1,1985,161,19215.52,21.4,32.2,-99,-99,0
1,1985,162,22293.6,22.8,34.2,-99,-99,0
1,1985,163,22550.32,22,34.4,-99,-99,0
1,1985,164,22710.65,21.2,34.8,-99,-99,0
1,1985,165,21106.01,21.8,34.4,-99,-99,0
1,1985,166,22856.74,21.6,35.8,-99,-99,0
1,1985,167,22523.05,23,36.8,-99,-99,0
1,1985,168,19751.48,23.6,36.6,-99,-99,0
1,1985,169,17347.73,22.6,32.4,-99,-99,0
1,1985,170,20570.54,22.4,36.8,-99,-99,0
1,1985,171,23375.09,20,33.67,-99,-99,0
1,1985,172,24025.63,23.2,33.77,-99,-99,0
1,1985,173,20731.03,21,36.6,-99,-99,0
1,1985,174,21744.19,23.4,36,-99,-99,0
1,1985,175,20462.34,22.2,36,-99,-99,0
1,1985,176,17622.93,24.2,35.4,-99,-99,0
1,1985,177,17445.65,23,35.2,-99,-99,0.3
1,1985,178,15518.35,23.2,34,-99,-99,0
1,1985,179,15662.64,22.2,34,-99,-99,0
1,1985,180,15703.54,22.6,35.2,-99,-99,0
1,1985,181,20506.58,20.4,35.8,-99,-99,0
1,1985,182,22809.86,22.4,36.4,-99,-99,8
1,1985,183,18106.66,22.2,36.2,-99,-99,0
1,1985,184,17347.73,22.4,33.31,-99,-99,0
1,1985,185,19630.35,22.4,35.6,-99,-99,0
1,1985,186,22419.09,21.6,37.2,-99,-99,0
1,1985,187,22658.32,23,36.8,-99,-99,0
1,1985,188,10596.9,22.6,32.73,-99,-99,0
1,1985,189,22106.1,20.6,36.4,-99,-99,0
1,1985,190,21644.29,22.6,35.6,-99,-99,0
1,1985,191,18973.13,22.2,35,-99,-99,0
1,1985,192,13762.6,22,35.6,-99,-99,0
1,1985,193,17529.12,22.2,36.8,-99,-99,3
1,1985,194,16060.64,21.2,34.8,-99,-99,0.1
1,1985,195,20180.03,21.8,36,-99,-99,0
1,1985,196,22023.71,22,34.2,-99,-99,0
1,1985,197,20252.51,20.4,33.8,-99,-99,0
1,1985,198,16544.48,23.4,38.4,-99,-99,0
1,1985,199,17570.85,22.6,35.4,-99,-99,0
1,1985,200,12779.05,21.8,34.6,-99,-99,0
1,1985,201,16210.82,20.8,34.8,-99,-99,0
1,1985,202,19370.49,22.4,36,-99,-99,0
1,1985,203,24497.6,20,38,-99,-99,0
1,1985,204,21186.86,23.2,37.2,-99,-99,0
1,1985,205,14598.16,23,31.43,-99,-99,1.1
1,1985,206,13554.94,22,36.4,-99,-99,0
1,1985,207,21252.48,22.2,38,-99,-99,0
1,1985,208,18973.13,22.2,37.8,-99,-99,1.7
1,1985,209,17942.5,23,37.6,-99,-99,0
1,1985,210,14755.36,22,35.8,-99,-99,0.6
1,1985,211,17796.63,21,35.6,-99,-99,0
1,1985,212,11585.77,24,35.8,-99,-99,1
1,1985,213,24009.8,21.2,37.2,-99,-99,0
1,1985,214,22921.48,23.6,33.84,-99,-99,0
1,1985,215,16436.13,24.4,36.4,-99,-99,0
1,1985,216,19450.57,23.4,36.2,-99,-99,0
1,1985,217,16806.71,23.8,36.2,-99,-99,0
1,1985,218,19285.89,24,36,-99,-99,0
1,1985,219,16019.85,23,35.6,-99,-99,7.2
1,1985,220,11206.9,21.8,32.4,-99,-99,1.6
1,1985,221,13657.24,21.8,35,-99,-99,2.5
1,1985,222,15621.74,20.8,34.4,-99,-99,0
1,1985,223,24922.1,20.6,35.2,-99,-99,0.3
1,1985,224,21890.29,23,34.6,-99,-99,0
1,1985,225,22921.48,23,37.8,-99,-99,0
1,1985,226,21943.27,23.4,37.2,-99,-99,0.7
1,1985,227,20991.48,22.8,36.2,-99,-99,0
1,1985,228,18157.66,23,37.4,-99,-99,0
1,1985,229,17347.73,22.4,36.6,-99,-99,0
1,1985,230,16898.19,22.6,35.8,-99,-99,0
1,1985,231,15979.06,23.8,33.2,-99,-99,1.4
1,1985,232,17942.5,23,36.4,-99,-99,0.8
1,1985,233,14339.84,21.6,36.2,-99,-99,9.1
1,1985,234,22957.22,21.2,36.2,-99,-99,0
1,1985,235,20252.51,24.4,37.4,-99,-99,0
1,1985,236,20331.87,25.4,37.6,-99,-99,0
1,1985,237,16060.64,24.2,35.4,-99,-99,2.3
1,1985,238,13815.29,22.2,32.6,-99,-99,9.4
1,1985,239,16210.82,21.4,33,-99,-99,0
1,1985,240,15339.93,23,32.6,-99,-99,0
1,1985,241,20793.74,22.8,32.4,-99,-99,0
1,1985,242,20793.74,22,35.6,-99,-99,0
1,1985,243,23481.43,22.2,37.4,-99,-99,0
1,1985,244,17240.6,24,37.6,-99,-99,0
1,1985,245,18157.66,23.4,37.6,-99,-99,1.3
1,1985,246,11928.75,24,34,-99,-99,0
1,1985,247,14808.71,22.2,36.4,-99,-99,0
1,1985,248,17196.19,24.6,34.8,-99,-99,0
1,1985,249,14755.36,23,35.6,-99,-99,0
1,1985,250,23897.22,22.8,37.4,-99,-99,44.2
1,1985,251,17891.1,19.2,34,-99,-99,74.9
1,1985,252,18973.13,19.4,31.2,-99,-99,3.4
1,1985,253,16945.15,21.6,32,-99,-99,0
1,1985,254,16490.3,22.8,30,-99,-99,0
1,1985,255,22604.88,22.2,34.8,-99,-99,46.3
1,1985,256,17796.63,23,29.6,-99,-99,0
1,1985,257,16852.45,23.8,31,-99,-99,0.4
1,1985,258,20731.03,23,33.4,-99,-99,1.3
1,1985,259,23255.42,24,32.4,-99,-99,54.2
1,1985,260,20602.52,20,34.4,-99,-99,0
1,1985,261,23675.4,23.2,34.4,-99,-99,0
1,1985,262,21219.67,23,35,-99,-99,0
1,1985,263,22762.98,22.2,34.4,-99,-99,0
1,1985,264,21615.1,23.8,35,-99,-99,34.5
1,1985,265,18260.56,20,33.8,-99,-99,0
1,1985,266,19866.45,24.2,33.2,-99,-99,0
1,1985,267,18637.87,23.2,32.8,-99,-99,14
1,1985,268,19075.15,21.4,30,-99,-99,9.6
1,1985,269,19450.57,21.4,31.6,-99,-99,33.1
1,1985,270,17487.39,20.8,30,-99,-99,0.9
1,1985,271,18675.09,22,30.2,-99,-99,1
1,1985,272,22880.18,23.2,30.6,-99,-99,32.3
1,1985,273,14196.92,21,32.63,-99,-99,0
1,1985,274,21186.86,21.2,32,-99,-99,11.2
1,1985,275,23353.83,21.4,30,-99,-99,38
1,1985,276,11079.23,22,26.2,-99,-99,3.4
1,1985,277,13455.69,23.2,31.2,-99,-99,1.1
1,1985,278,21065.58,21.8,31.6,-99,-99,0
1,1985,279,20991.48,23.2,32.8,-99,-99,12.1
1,1985,280,20462.34,20.6,28.4,-99,-99,1.7
1,1985,281,21777.49,22.6,32.2,-99,-99,17.4
1,1985,282,21448.78,21.8,31,-99,-99,40.4
1,1985,283,19558.62,21.2,31,-99,-99,0
1,1985,284,18208.65,22.8,33.4,-99,-99,0.5
1,1985,285,21890.29,22.6,35.2,-99,-99,0
1,1985,286,23542.89,22.4,34.6,-99,-99,0
1,1985,287,19412.79,25,33.6,-99,-99,0
1,1985,288,21348.54,23.2,33,-99,-99,0
1,1985,289,21488.15,24.2,33,-99,-99,1.1
1,1985,290,16257.85,22.8,31.4,-99,-99,0
1,1985,291,15884.74,24,32.6,-99,-99,0.3
1,1985,292,18675.09,23.2,32,-99,-99,1.9
1,1985,293,12400.49,22,27.6,-99,-99,5.3
1,1985,294,22106.1,22.6,31.8,-99,-99,0
1,1985,295,18637.87,24.2,30,-99,-99,1.7
1,1985,296,20506.58,23.6,32,-99,-99,26
1,1985,297,10642.32,22,30.8,-99,-99,5.8
1,1985,298,22293.6,22.4,31.6,-99,-99,1
1,1985,299,19412.79,23.8,31.6,-99,-99,0
1,1985,300,17107.38,23.8,32.4,-99,-99,0.9
1,1985,301,13911.6,22.4,30.6,-99,-99,63.2
1,1985,302,11295.18,21.6,27.6,-99,-99,1.2
1,1985,303,10753.1,22.8,29,-99,-99,0.3
1,1985,304,20634.64,22.4,30.8,-99,-99,0
1,1985,305,23921.41,22.6,31,-99,-99,0
1,1985,306,25254.75,23,32,-99,-99,0
1,1985,307,22269.2,22.2,32.4,-99,-99,0
1,1985,308,18761.03,22.8,31.6,-99,-99,0
1,1985,309,13011.62,24,30,-99,-99,0
1,1985,310,12358.47,23.2,30,-99,-99,0
1,1985,311,12850.78,23.4,30.6,-99,-99,2.2
1,1985,312,21106.01,22.2,33.4,-99,-99,0
1,1985,313,17294.16,24.6,32.4,-99,-99,0
1,1985,314,17529.12,23.6,32,-99,-99,4.4
1,1985,315,21348.54,24.2,33.6,-99,-99,1.4
1,1985,316,14339.84,22.6,31.2,-99,-99,0.2
1,1985,317,14292.2,24,32,-99,-99,13.6
1,1985,318,9857.73,22.2,26.4,-99,-99,3.5
1,1985,319,10272.74,22.2,31,-99,-99,0
1,1985,320,16490.3,22.8,30.8,-99,-99,0
1,1985,321,16898.19,22.8,32,-99,-99,0
1,1985,322,15938.28,22.6,30.4,-99,-99,0
1,1985,323,22736.81,22.6,33,-99,-99,0
1,1985,324,20698.9,23,34,-99,-99,55.9
1,1985,325,11654.92,20.8,28.8,-99,-99,11.3
1,1985,326,10285.45,23,30.2,-99,-99,0.9
1,1985,327,14702.02,23.8,28.8,-99,-99,0.4
1,1985,328,15111.37,23.4,31,-99,-99,0
1,1985,329,19026.47,21.8,31.8,-99,-99,0.7
1,1985,330,20666.77,22,31.6,-99,-99,0
1,1985,331,20216.27,23.2,32,-99,-99,1.7
1,1985,332,19250.71,22,30,-99,-99,0
1,1985,333,21488.15,24,31.6,-99,-99,34.5
1,1985,334,10090.65,22.4,27.6,-99,-99,3.1
1,1985,335,21815.09,22.8,31.6,-99,-99,0
1,1985,336,17993.91,22.2,30.2,-99,-99,0
1,1985,337,20868.2,23.2,31,-99,-99,0
1,1985,338,19523.49,23.6,31.8,-99,-99,0.5
1,1985,339,11412.9,21.6,30.6,-99,-99,0.9
1,1985,340,13011.62,23.4,32.6,-99,-99,0
1,1985,341,17347.73,24.2,32.6,-99,-99,1.8
1,1985,342,18712.32,22.8,31.6,-99,-99,1.7
1,1985,343,17396.69,23.2,32.2,-99,-99,3.2
1,1985,344,23732.18,24.4,33,-99,-99,2.2
1,1985,345,24025.63,23.8,33.6,-99,-99,0
1,1985,346,13505.32,22.8,31.2,-99,-99,4.2
1,1985,347,19866.45,23.4,32.4,-99,-99,0
1,1985,348,19488.35,23.8,34,-99,-99,0
1,1985,349,21146.43,23.6,33.6,-99,-99,0
1,1985,350,20634.64,22.4,33.2,-99,-99,0
1,1985,351,22833.3,23,34.2,-99,-99,0
1,1985,352,24482.94,21.8,34.8,-99,-99,6.8
1,1985,353,22880.18,21.4,32.4,-99,-99,4
1,1985,354,10230.4,23.2,32.8,-99,-99,6.3
1,1985,355,19558.62,22.2,31.8,-99,-99,0
1,1985,356,20570.54,23.4,33.4,-99,-99,0
1,1985,357,21777.49,22.8,34.2,-99,-99,0
1,1985,358,20793.74,23.8,33.8,-99,-99,0
1,1985,359,21615.1,23.6,34.6,-99,-99,0
1,1985,360,18106.66,23.6,33.6,-99,-99,0
1,1985,361,17942.5,22.8,34.6,-99,-99,0
1,1985,362,11482.05,23.8,31.6,-99,-99,0
1,1985,363,13505.32,23.2,31.6,-99,-99,0
1,1985,364,20032.63,21.6,33,-99,-99,0
1,1985,365,21943.27,22.4,34.6,-99,-99,0
