-75,3.91,415,0,0
1,1984,1,18106.66,22.8,30.8,-99,-99,9.69
1,1984,2,18883.11,23.6,32.4,-99,-99,10.9
1,1984,3,11860.39,23,31,-99,-99,11.6
1,1984,4,19026.47,22.4,30.6,-99,-99,3.76
1,1984,5,14755.36,22.6,30.2,-99,-99,15.88
1,1984,6,17570.85,23.2,30.4,-99,-99,31.72
1,1984,7,12850.78,23.4,32,-99,-99,18.74
1,1984,8,11792.03,21.8,30,-99,-99,8.27
1,1984,9,14862.05,23,30.2,-99,-99,4.21
1,1984,10,18208.65,22.6,32,-99,-99,0.2
1,1984,11,11962.93,21.6,32.2,-99,-99,0.27
1,1984,12,22577.6,21.8,30.47,-99,-99,0.39
1,1984,13,22903.61,21.8,30.45,-99,-99,0.78
1,1984,14,23945.59,21.8,32.4,-99,-99,0.71
1,1984,15,23050.07,22.4,33.2,-99,-99,2.23
1,1984,16,18600.65,21.2,31.4,-99,-99,1.41
1,1984,17,17294.16,22.4,31.6,-99,-99,1.59
1,1984,18,16304.89,22.2,32,-99,-99,2.78
1,1984,19,21106.01,21,33.4,-99,-99,1.76
1,1984,20,13455.69,21.2,28.03,-99,-99,12.14
1,1984,21,15339.93,22,31.4,-99,-99,14.47
1,1984,22,19630.35,20.2,32,-99,-99,5.6
1,1984,23,17715.55,22.2,31.6,-99,-99,4.06
1,1984,24,17796.63,22.4,31.8,-99,-99,1.71
1,1984,25,20538.56,21.4,32.4,-99,-99,1.51
1,1984,26,19866.45,21.2,32.4,-99,-99,5.06
1,1984,27,17196.19,22.2,31.6,-99,-99,5.06
1,1984,28,10921.72,20.6,29.6,-99,-99,3.62
1,1984,29,16806.71,22.2,31.8,-99,-99,3.51
1,1984,30,23675.4,22.6,32.8,-99,-99,0.86
1,1984,31,21318.11,23,33.4,-99,-99,2.01
1,1984,32,12400.49,24.6,32.2,-99,-99,2.21
1,1984,33,16992.1,22,32.4,-99,-99,6.35
1,1984,34,17891.1,21.2,32.6,-99,-99,16.2
1,1984,35,16348.64,23.2,32.4,-99,-99,9.25
1,1984,36,17843.86,21,30.8,-99,-99,7.22
1,1984,37,16019.85,22.4,31.8,-99,-99,20.62
1,1984,38,18405.02,21.8,31.2,-99,-99,5.99
1,1984,39,14101.89,22.4,30.2,-99,-99,3.14
1,1984,40,19250.71,21.2,31,-99,-99,6.1
1,1984,41,18761.03,22.6,32.4,-99,-99,0.71
1,1984,42,24104.8,22.4,32.4,-99,-99,2.09
1,1984,43,22217.06,23.8,33.8,-99,-99,1.03
1,1984,44,16630.6,22.4,32.6,-99,-99,1.02
1,1984,45,22470.21,22.8,31.6,-99,-99,5.01
1,1984,46,17993.91,21.6,30.4,-99,-99,8.1
1,1984,47,13863.44,23.4,30.4,-99,-99,4.89
1,1984,48,15662.64,21,28.8,-99,-99,2.15
1,1984,49,14101.89,21.8,27.8,-99,-99,2.76
1,1984,50,17151.79,22.4,31.2,-99,-99,2.2
1,1984,51,19250.71,21.8,32,-99,-99,3.85
1,1984,52,14546.58,21.8,30.4,-99,-99,1.18
1,1984,53,16304.89,23,29,-99,-99,2.08
1,1984,54,17756.09,22.8,31.4,-99,-99,6.43
1,1984,55,13709.92,22.8,31.2,-99,-99,6.82
1,1984,56,21348.54,22.6,32.8,-99,-99,3
1,1984,57,22444.65,21.2,32,-99,-99,4.83
1,1984,58,22189.32,23.2,33.4,-99,-99,2.14
1,1984,59,22550.32,21.2,31.6,-99,-99,4.01
1,1984,60,20698.9,23.6,32.6,-99,-99,3.22
1,1984,61,15387.5,20.6,30.6,-99,-99,2.7
1,1984,62,16436.13,23.4,31.4,-99,-99,1.37
1,1984,63,14495,23.4,31,-99,-99,1.84
1,1984,64,16717.51,22.4,32.8,-99,-99,3.65
1,1984,65,10771.56,23.4,33.4,-99,-99,2.64
1,1984,66,16436.13,24,31.38,-99,-99,8.96
1,1984,67,15746.09,23.8,32.2,-99,-99,3.47
1,1984,68,17294.16,23.6,31.6,-99,-99,2.11
1,1984,69,21409.4,23.2,33,-99,-99,1.09
1,1984,70,22684.48,23,33.6,-99,-99,0.51
1,1984,71,24908.24,23,32.4,-99,-99,0.08
1,1984,72,24991.41,20,34,-99,-99,0.05
1,1984,73,23353.83,23,34.4,-99,-99,0.07
1,1984,74,24152.29,22.8,34.6,-99,-99,0.05
1,1984,75,22957.22,23.2,34.2,-99,-99,1.19
1,1984,76,22293.6,23.2,33.8,-99,-99,7.64
1,1984,77,15339.93,22.6,34,-99,-99,4.97
1,1984,78,15938.28,23.2,33.4,-99,-99,2.93
1,1984,79,19751.48,23.2,33,-99,-99,2.73
1,1984,80,21744.19,22.8,33.8,-99,-99,3.01
1,1984,81,11265.75,22.2,31.8,-99,-99,3.96
1,1984,82,14702.02,23.4,31.2,-99,-99,8.4
1,1984,83,14897.47,22,32.6,-99,-99,3.6
1,1984,84,19412.79,23.4,33.2,-99,-99,2.91
1,1984,85,21219.67,22.6,34.4,-99,-99,2.02
1,1984,86,14149.27,23.4,33.6,-99,-99,7.86
1,1984,87,16630.6,21.4,32.2,-99,-99,3.83
1,1984,88,12779.05,22.6,31.4,-99,-99,4.68
1,1984,89,14495,23,31.6,-99,-99,5.08
1,1984,90,10188.05,21.2,31.2,-99,-99,3.77
1,1984,91,13911.6,22.8,31.8,-99,-99,7
1,1984,92,18208.65,21.8,31.4,-99,-99,5.41
1,1984,93,22023.71,22.4,32.2,-99,-99,2.63
1,1984,94,17622.93,23,31.8,-99,-99,1.04
1,1984,95,20331.87,24,33.4,-99,-99,3.19
1,1984,96,13604.56,22.4,32.4,-99,-99,1.46
1,1984,97,22161.58,23.4,31.4,-99,-99,2.01
1,1984,98,16945.15,23.4,31.8,-99,-99,13.52
1,1984,99,14598.16,24,31.6,-99,-99,3.16
1,1984,100,18358.74,21.8,32.8,-99,-99,11.68
1,1984,101,17796.63,22.8,32.6,-99,-99,5.27
1,1984,102,17843.86,22,33.4,-99,-99,1.99
1,1984,103,15244.78,23,33,-99,-99,2.86
1,1984,104,23028.7,23.4,33.6,-99,-99,2.68
1,1984,105,19558.62,20.8,33.2,-99,-99,2.46
1,1984,106,20216.27,23,31.8,-99,-99,5.09
1,1984,107,10826.95,20.6,29.6,-99,-99,4.95
1,1984,108,19523.49,22.4,30.6,-99,-99,0.88
1,1984,109,21065.58,23.2,33,-99,-99,1.01
1,1984,110,24263.12,23.2,33.6,-99,-99,5.22
1,1984,111,23178.29,23,33.6,-99,-99,1.54
1,1984,112,10863.88,22.2,33.2,-99,-99,1.33
1,1984,113,11206.9,23.6,33,-99,-99,6.06
1,1984,114,14007.13,21.4,32.4,-99,-99,8.26
1,1984,115,15580.84,21.8,33.4,-99,-99,6.34
1,1984,116,12814.92,21.8,30.2,-99,-99,8.11
1,1984,117,15063.68,23,32.6,-99,-99,8.32
1,1984,118,14808.71,23.8,33.2,-99,-99,23.59
1,1984,119,17151.79,21,33.4,-99,-99,5.83
1,1984,120,15884.74,22.93,28.78,-99,-99,8.79
1,1984,121,15387.5,21.8,30.2,-99,-99,17.6
1,1984,122,15938.28,21.6,30.2,-99,-99,0
1,1984,123,21409.4,23.2,32.4,-99,-99,2.4
1,1984,124,20570.54,22,32.2,-99,-99,1.2
1,1984,125,25019.13,23,34.4,-99,-99,0
1,1984,126,23713.25,22.8,34.4,-99,-99,0
1,1984,127,23752.09,21.6,33.6,-99,-99,0
1,1984,128,17942.5,23.6,33.2,-99,-99,0
1,1984,129,14598.16,22.4,33,-99,-99,44
1,1984,130,13056.17,20.6,32,-99,-99,9.9
1,1984,131,21890.29,22,32.2,-99,-99,2.6
1,1984,132,16210.82,21.2,31.2,-99,-99,3.8
1,1984,133,21677.59,21.4,31.8,-99,-99,0
1,1984,134,15200.31,22.6,31.2,-99,-99,1.2
1,1984,135,16852.45,22.6,31.2,-99,-99,100.1
1,1984,136,12922.51,20.4,31,-99,-99,13.2
1,1984,137,18358.74,21.8,31,-99,-99,63.5
1,1984,138,17240.6,21.4,30.6,-99,-99,0
1,1984,139,16760.97,23,31.4,-99,-99,1
1,1984,140,18525.97,22.4,31.8,-99,-99,5.1
1,1984,141,19990.85,21.6,31.4,-99,-99,4.1
1,1984,142,11177.47,22.8,30.6,-99,-99,0
1,1984,143,14196.92,23.2,32.6,-99,-99,19.5
1,1984,144,14149.27,21.4,30.2,-99,-99,6.5
1,1984,145,15016,22.8,31.6,-99,-99,14.4
1,1984,146,11516.62,20.8,32,-99,-99,17.1
1,1984,147,16898.19,20.8,30.8,-99,-99,0
1,1984,148,10596.9,22,29.6,-99,-99,0.6
1,1984,149,17196.19,22.2,31.4,-99,-99,0
1,1984,150,22921.48,23.2,33,-99,-99,21.8
1,1984,151,22833.3,21.8,32.6,-99,-99,0.2
1,1984,152,13657.24,23,31.6,-99,-99,1.8
1,1984,153,10734.64,21.6,31.6,-99,-99,1.4
1,1984,154,14443.28,22,31.4,-99,-99,0
1,1984,155,15884.74,23.2,30.6,-99,-99,0
1,1984,156,14054.51,23,31,-99,-99,0
1,1984,157,15244.78,22.4,30,-99,-99,0.5
1,1984,158,17151.79,22.2,32.2,-99,-99,4.6
1,1984,159,11860.39,22,31.8,-99,-99,69.2
1,1984,160,14244.56,21.2,30.8,-99,-99,2.5
1,1984,161,21677.59,22.4,30.8,-99,-99,0
1,1984,162,19593.75,22.6,33.4,-99,-99,0
1,1984,163,13100.72,21,29,-99,-99,0.3
1,1984,164,17294.16,20.8,33,-99,-99,0.1
1,1984,165,15518.35,22.2,32.8,-99,-99,2
1,1984,166,18761.03,22.2,32,-99,-99,0.5
1,1984,167,17756.09,22.4,32.2,-99,-99,0
1,1984,168,17942.5,22.2,32.4,-99,-99,0
1,1984,169,19215.52,22.2,33,-99,-99,0
1,1984,170,19285.89,21.6,34.6,-99,-99,0.5
1,1984,171,19593.75,22.2,34,-99,-99,0
1,1984,172,23396.36,20.6,34.8,-99,-99,0
1,1984,173,19370.49,20.2,34.4,-99,-99,0
1,1984,174,12048.23,21.6,34,-99,-99,0
1,1984,175,20331.87,22.8,34.4,-99,-99,0.8
1,1984,176,14968.31,22.4,29.24,-99,-99,0
1,1984,177,18525.97,22,34,-99,-99,0
1,1984,178,16806.71,22.8,31.6,-99,-99,0
1,1984,179,11723.67,22.4,33,-99,-99,2.7
1,1984,180,16674.05,22,33.2,-99,-99,1
1,1984,181,16490.3,21.6,33.4,-99,-99,0.4
1,1984,182,19123.2,23,33.2,-99,-99,2.1
1,1984,183,14196.92,22.2,33.2,-99,-99,0.98
1,1984,184,16717.51,22.4,32.6,-99,-99,2.88
1,1984,185,17843.86,22,31.4,-99,-99,7.4
1,1984,186,11860.39,21.4,28.88,-99,-99,3.34
1,1984,187,18312.46,20.6,33.4,-99,-99,4.69
1,1984,188,15884.74,23,32.8,-99,-99,2.37
1,1984,189,21556.72,21.2,33,-99,-99,3.01
1,1984,190,14054.51,22.6,33,-99,-99,7.25
1,1984,191,18451.29,22,32.4,-99,-99,2.79
1,1984,192,13406.07,22,31.4,-99,-99,5.8
1,1984,193,19907.92,23,32.4,-99,-99,1.1
1,1984,194,22244.8,22.4,32.6,-99,-99,3.21
1,1984,195,14244.56,21.4,31.6,-99,-99,3.58
1,1984,196,15452.93,22.4,33.4,-99,-99,4.56
1,1984,197,19123.2,22,28.39,-99,-99,0.81
1,1984,198,21219.67,21.6,33.8,-99,-99,0.5
1,1984,199,18846.43,20.2,34,-99,-99,0.87
1,1984,200,19370.49,19.02,34.4,-99,-99,0.48
1,1984,201,16304.89,23.2,34.4,-99,-99,10.5
1,1984,202,11962.93,23,29.02,-99,-99,5.8
1,1984,203,18637.87,20,33.2,-99,-99,0.62
1,1984,204,18712.32,21.4,32.4,-99,-99,1.34
1,1984,205,17107.38,17.98,31.4,-99,-99,1.35
1,1984,206,20634.64,17.42,31.48,-99,-99,2.17
1,1984,207,19630.35,18.33,31.6,-99,-99,1.56
1,1984,208,15016,20,33.6,-99,-99,3.85
1,1984,209,23255.42,21.6,31.4,-99,-99,0.31
1,1984,210,15339.93,18.85,32.6,-99,-99,0.43
1,1984,211,15452.93,19.02,35.2,-99,-99,2.02
1,1984,212,18312.46,23,34.4,-99,-99,1.92
1,1984,213,19990.85,22.2,34.4,-99,-99,6.91
1,1984,214,17151.79,22.6,35,-99,-99,6.41
1,1984,215,14862.05,22,32,-99,-99,5.39
1,1984,216,14196.92,22,32.8,-99,-99,5.6
1,1984,217,21318.11,22.21,33.2,-99,-99,2.25
1,1984,218,19558.62,21.4,33.2,-99,-99,1.36
1,1984,219,23675.4,19.8,35.2,-99,-99,5.09
1,1984,220,22939.35,20.8,35.6,-99,-99,1.86
1,1984,221,17240.6,22,35.2,-99,-99,5.23
1,1984,222,18405.02,22.6,35,-99,-99,4.1
1,1984,223,11354.04,23.2,35.2,-99,-99,1.89
1,1984,224,12105.1,23.6,35.4,-99,-99,2.79
1,1984,225,17756.09,23,35,-99,-99,0.93
1,1984,226,17196.19,23.2,33,-99,-99,1.71
1,1984,227,19949.39,20,33.6,-99,-99,3.21
1,1984,228,20418.1,21.2,32.7,-99,-99,2.71
1,1984,229,14196.92,21,36.2,-99,-99,4.55
1,1984,230,21318.11,23,37.2,-99,-99,9.48
1,1984,231,13911.6,21.2,32,-99,-99,5.05
1,1984,232,22189.32,22.4,36.4,-99,-99,1.96
1,1984,233,16717.51,20.6,34,-99,-99,8.97
1,1984,234,20793.74,23.4,33,-99,-99,6.7
1,1984,235,16992.1,20.6,32.2,-99,-99,3.28
1,1984,236,16717.51,23.8,34.2,-99,-99,2.04
1,1984,237,16898.19,23.6,32,-99,-99,1.35
1,1984,238,20731.03,23.4,31.2,-99,-99,3.73
1,1984,239,21028.53,22.2,32,-99,-99,7.88
1,1984,240,20110.2,22.6,33.2,-99,-99,2.6
1,1984,241,22684.48,20.6,33.2,-99,-99,0.54
1,1984,242,22161.58,23.4,34,-99,-99,1.52
1,1984,243,23921.41,23.4,32,-99,-99,0.25
1,1984,244,23460.16,19.58,33.2,-99,-99,0.31
1,1984,245,19523.49,21.8,34,-99,-99,1.36
1,1984,246,22921.48,22,34.2,-99,-99,0.86
1,1984,247,17843.86,22.8,33.2,-99,-99,0.68
1,1984,248,19990.85,22.2,32.97,-99,-99,0.78
1,1984,249,19450.57,23,35.4,-99,-99,1.76
1,1984,250,18358.74,20.6,34,-99,-99,3.55
1,1984,251,15938.28,23,32.77,-99,-99,7.6
1,1984,252,18157.66,22.4,33.4,-99,-99,3.03
1,1984,253,15339.93,21.6,33,-99,-99,1.86
1,1984,254,20216.27,21,32,-99,-99,0.86
1,1984,255,15884.74,20.4,31.4,-99,-99,2.54
1,1984,256,19990.85,22.2,33.4,-99,-99,2.2
1,1984,257,17240.6,22,32.4,-99,-99,2.1
1,1984,258,19949.39,22.4,33.4,-99,-99,0.84
1,1984,259,15788.65,22.8,32.6,-99,-99,8.14
1,1984,260,21146.43,21,32.2,-99,-99,4.14
1,1984,261,16392.38,22.8,31.6,-99,-99,16.51
1,1984,262,17196.19,21.8,31.6,-99,-99,2.77
1,1984,263,10808.49,21.8,29.99,-99,-99,9.49
1,1984,264,15662.64,22.4,31.05,-99,-99,17.18
1,1984,265,13505.32,22.2,29.93,-99,-99,5.06
1,1984,266,17049.74,21.2,31,-99,-99,2.26
1,1984,267,14339.84,21,31.8,-99,-99,4.73
1,1984,268,16760.97,21,32,-99,-99,3.87
1,1984,269,23523.96,20.6,30.6,-99,-99,4.83
1,1984,270,18883.11,21.2,30.27,-99,-99,3.07
1,1984,271,23732.18,21,33.49,-99,-99,0.92
1,1984,272,22762.98,23,32.6,-99,-99,1.43
1,1984,273,18045.31,21.8,33,-99,-99,3.62
1,1984,274,20252.51,22,32.8,-99,-99,0.9
1,1984,275,16945.15,23.2,33,-99,-99,1.24
1,1984,276,17942.5,22.8,34.2,-99,-99,1.25
1,1984,277,17240.6,21.2,31.8,-99,-99,3.46
1,1984,278,19558.62,21.8,33.2,-99,-99,6.43
1,1984,279,23071.44,22,33.6,-99,-99,4.86
1,1984,280,15938.28,20.6,33.2,-99,-99,6.12
1,1984,281,14391.56,22.8,32.6,-99,-99,6.5
1,1984,282,12743.18,21.4,30.6,-99,-99,2.33
1,1984,283,19215.52,22.2,31,-99,-99,2.48
1,1984,284,19630.35,23,33.4,-99,-99,7.1
1,1984,285,10507.29,22.2,33.4,-99,-99,6.14
1,1984,286,20731.03,22,32.6,-99,-99,1.05
1,1984,287,10716.17,22.6,31.6,-99,-99,4.38
1,1984,288,19666.94,21,33.2,-99,-99,9.22
1,1984,289,19215.52,21,32.4,-99,-99,1.39
1,1984,290,14054.51,20.8,30.6,-99,-99,5.53
1,1984,291,15518.35,21,30.6,-99,-99,10.26
1,1984,292,14862.05,20.6,30,-99,-99,11.51
1,1984,293,16490.3,21,30.4,-99,-99,6.53
1,1984,294,16436.13,21.4,30,-99,-99,4.36
1,1984,295,16630.6,22.8,32.8,-99,-99,8.55
1,1984,296,21744.19,22,33.6,-99,-99,4.68
1,1984,297,10213.46,23,32.8,-99,-99,24.74
1,1984,298,20793.74,22.2,33,-99,-99,7.26
1,1984,299,11894.57,22.8,32.2,-99,-99,4.57
1,1984,300,12358.47,22.4,31.6,-99,-99,16.36
1,1984,301,11059.54,22,32.8,-99,-99,4.22
1,1984,302,10247.33,21.15,30.49,-99,-99,19.52
1,1984,303,10961.1,21.4,31.8,-99,-99,6.23
1,1984,304,11894.57,21.2,31,-99,-99,9.69
1,1984,305,13301.75,22.4,31.6,-99,-99,7.79
1,1984,306,15339.93,22.2,31,-99,-99,2.06
1,1984,307,19593.75,21.8,31.4,-99,-99,0.77
1,1984,308,22903.61,20,31.6,-99,-99,2.49
1,1984,309,17529.12,20.8,31.6,-99,-99,5.94
1,1984,310,11991.36,22.4,32,-99,-99,7.66
1,1984,311,10230.4,21.2,30.8,-99,-99,25.12
1,1984,312,10052.53,21.2,30,-99,-99,9.96
1,1984,313,14968.31,21.4,29.8,-99,-99,1.28
1,1984,314,18919.79,20,31,-99,-99,2.33
1,1984,315,18712.32,20.4,31.2,-99,-99,3.87
1,1984,316,11826.21,22.2,30.4,-99,-99,11.19
1,1984,317,11177.47,22.2,29.8,-99,-99,6.85
1,1984,318,11585.77,20,31,-99,-99,5.21
1,1984,319,14932.89,19.6,31,-99,-99,3.79
1,1984,320,18208.65,21.2,31.2,-99,-99,2.81
1,1984,321,18405.02,22.2,32,-99,-99,1.94
1,1984,322,20825.09,23.2,33.2,-99,-99,0.94
1,1984,323,18312.46,21.2,32.4,-99,-99,2.97
1,1984,324,19666.94,23,33,-99,-99,1.09
1,1984,325,14649.74,23.2,32,-99,-99,0.43
1,1984,326,23071.44,22.6,34.2,-99,-99,5.4
1,1984,327,21852.69,23.2,34.2,-99,-99,8.87
1,1984,328,9959.37,21.6,33.4,-99,-99,11.23
1,1984,329,15831.2,22.2,32.6,-99,-99,10.31
1,1984,330,13911.6,21.8,31.6,-99,-99,4.87
1,1984,331,19907.92,22.4,32.4,-99,-99,11.08
1,1984,332,13604.56,20.6,31.4,-99,-99,8.93
1,1984,333,12814.92,21.6,31,-99,-99,3.46
1,1984,334,19412.79,21.2,30.8,-99,-99,5.1
1,1984,335,21065.58,21.8,33.6,-99,-99,0.96
1,1984,336,21065.58,21,33.2,-99,-99,1.32
1,1984,337,19866.45,21,33.4,-99,-99,1.16
1,1984,338,16544.48,20.4,33.2,-99,-99,0.94
1,1984,339,21378.97,20.4,32.6,-99,-99,0.55
1,1984,340,23396.36,21.4,33.4,-99,-99,0.22
1,1984,341,16019.85,21.4,33.2,-99,-99,2.56
1,1984,342,21644.29,20,33.4,-99,-99,18.83
1,1984,343,23010.83,21.6,30,-99,-99,5.3
1,1984,344,10243.1,22.6,31.8,-99,-99,2.44
1,1984,345,18637.87,22.2,31.8,-99,-99,4.12
1,1984,346,14292.2,22.4,31.6,-99,-99,8.37
1,1984,347,17843.86,21.8,33,-99,-99,1.45
1,1984,348,19523.49,24.4,32.4,-99,-99,0.29
1,1984,349,21996.25,19.6,32,-99,-99,1.26
1,1984,350,19215.52,21.6,32.4,-99,-99,1.98
1,1984,351,19285.89,21.4,33,-99,-99,2.26
1,1984,352,20634.64,23,33.2,-99,-99,4.3
1,1984,353,15155.84,21.8,32.6,-99,-99,6.42
1,1984,354,10443.29,20.6,32,-99,-99,1.82
1,1984,355,18208.65,22.2,32.6,-99,-99,2.18
1,1984,356,18106.66,21.4,32.2,-99,-99,2.31
1,1984,357,16490.3,21.8,31.6,-99,-99,5.78
1,1984,358,17151.79,22,31.4,-99,-99,5.42
1,1984,359,18260.56,21.8,31.4,-99,-99,3.09
1,1984,360,20074.41,22.8,30.4,-99,-99,0.3
1,1984,361,20252.51,22.4,33.4,-99,-99,0.39
1,1984,362,21916.78,22,34,-99,-99,1.79
1,1984,363,19285.89,22.6,33.8,-99,-99,0.69
1,1984,364,21106.01,23.2,32.7,-99,-99,0.38
1,1984,365,19558.62,23,33.4,-99,-99,0.17
1,1984,366,21488.15,22.6,31.45,-99,-99,6.93
