-75,3.91,415,0,0
1,2006,1,22904.63,23,33,-99,-99,0
1,2006,2,22140.22,23,32.2,-99,-99,0.6
1,2006,3,11205.22,22,32.4,-99,-99,0
1,2006,4,18262.13,23,37.2,-99,-99,0
1,2006,5,12531.93,22.8,30,-99,-99,0
1,2006,6,17119.79,23,31.6,-99,-99,3.6
1,2006,7,20277.57,22,31.8,-99,-99,20.2
1,2006,8,16631.24,21.4,30,-99,-99,3
1,2006,9,16649.56,21.8,31.6,-99,-99,7
1,2006,10,18900.02,22.6,32.2,-99,-99,0.6
1,2006,11,20499.13,23.6,32.6,-99,-99,0
1,2006,12,21576.41,23,32,-99,-99,0
1,2006,13,22920.41,22.8,33,-99,-99,0
1,2006,14,19389.18,23.4,32,-99,-99,4.2
1,2006,15,13605.26,21.2,34,-99,-99,50.2
1,2006,16,12566.56,21.6,29,-99,-99,11.5
1,2006,17,15629.32,22,30.6,-99,-99,0.8
1,2006,18,16182.09,22.8,30.6,-99,-99,0.5
1,2006,19,18993.32,23,31.8,-99,-99,0
1,2006,20,23274.91,22.4,34,-99,-99,0
1,2006,21,20248.04,23.6,32.6,-99,-99,0
1,2006,22,18945.88,22.8,30.4,-99,-99,0
1,2006,23,15103.98,22.6,32,-99,-99,0
1,2006,24,19673.54,23.8,33.4,-99,-99,0
1,2006,25,19972.52,23.8,34.8,-99,-99,0
1,2006,26,17859.08,24,34,-99,-99,0
1,2006,27,23259.81,24,35.2,-99,-99,0
1,2006,28,19665.95,23,31.4,-99,-99,4.5
1,2006,29,14714.26,22.6,28.6,-99,-99,0
1,2006,30,19191.08,23,33.6,-99,-99,0.2
1,2006,31,18142,22,32.6,-99,-99,0.4
1,2006,32,14653.87,23.8,31.8,-99,-99,0.2
1,2006,33,11697.1,24,30.4,-99,-99,5.5
1,2006,34,16468.63,23,32,-99,-99,0
1,2006,35,10378.53,23,28.4,-99,-99,0.2
1,2006,36,10396.97,22.8,27.6,-99,-99,1.1
1,2006,37,19415.98,22.6,32.6,-99,-99,0
1,2006,38,23955.28,23.2,34,-99,-99,0
1,2006,39,23994.17,23,34.6,-99,-99,0
1,2006,40,16498.24,23,33.4,-99,-99,0
1,2006,41,21327.4,23.8,33.6,-99,-99,0
1,2006,42,24384.36,23.2,34.2,-99,-99,0
1,2006,43,18781.03,23,35.6,-99,-99,0
1,2006,44,18397.44,23.6,35.8,-99,-99,0
1,2006,45,22980.19,23.2,34.8,-99,-99,0
1,2006,46,23706.1,22.6,35,-99,-99,0
1,2006,47,23741.56,23.2,35.4,-99,-99,0
1,2006,48,24192.2,22.2,35,-99,-99,0
1,2006,49,14514.72,22.8,35.4,-99,-99,8
1,2006,50,13008.24,21.8,30,-99,-99,1.6
1,2006,51,17479.03,22,33,-99,-99,12.7
1,2006,52,16389.39,22.8,31.8,-99,-99,0
1,2006,53,18364.35,23,32,-99,-99,0
1,2006,54,24531.63,22,34.6,-99,-99,0
1,2006,55,21627.43,23.2,34,-99,-99,2
1,2006,56,15777.6,22.8,33,-99,-99,0
1,2006,57,19999.51,23,34,-99,-99,0
1,2006,58,17779.67,23,32,-99,-99,0
1,2006,59,17519.58,23.2,33.2,-99,-99,0
1,2006,60,25125.29,23.8,35.6,-99,-99,0
1,2006,61,24026.2,23,35,-99,-99,4
1,2006,62,18842.96,22.4,33.62,-99,-99,0
1,2006,63,11537.56,23.95,30.8,-99,-99,0
1,2006,64,12536.29,23,34.6,-99,-99,0
1,2006,65,10996.96,23.8,30,-99,-99,18
1,2006,66,12842.57,22.8,29,-99,-99,10.2
1,2006,67,16102.37,22.4,30,-99,-99,0.6
1,2006,68,16256.28,23,31.6,-99,-99,0
1,2006,69,12309.1,23.2,31,-99,-99,0
1,2006,70,18825.65,23.4,32.4,-99,-99,0
1,2006,71,16997.24,23,33,-99,-99,0
1,2006,72,16015.96,23.2,32,-99,-99,0
1,2006,73,15882.93,23.6,33,-99,-99,0
1,2006,74,11782.35,22.8,30.4,-99,-99,0.5
1,2006,75,12213.44,23.2,31.6,-99,-99,40.3
1,2006,76,12785.79,22.6,30,-99,-99,3
1,2006,77,18176.85,22,31.6,-99,-99,2.2
1,2006,78,12936.67,22,27.4,-99,-99,1
1,2006,79,11239.19,22,31.4,-99,-99,3.2
1,2006,80,13793.62,23.6,32.2,-99,-99,15.8
1,2006,81,12803.6,22.8,30.4,-99,-99,0
1,2006,82,18048.71,23.8,30.4,-99,-99,10.8
1,2006,83,16631.68,22.6,29.8,-99,-99,2.5
1,2006,84,10964.7,22.8,26.8,-99,-99,7.5
1,2006,85,13655.46,22,29.6,-99,-99,0
1,2006,86,16343.79,23,31.4,-99,-99,1
1,2006,87,20868.9,23,33.2,-99,-99,0
1,2006,88,24257.55,22.6,35,-99,-99,0.5
1,2006,89,23117.73,24,33.8,-99,-99,0.5
1,2006,90,16326.02,23,33,-99,-99,0
1,2006,91,18720.15,24,33.4,-99,-99,3
1,2006,92,11796.31,22.6,30.4,-99,-99,0
1,2006,93,23355.31,22.8,33,-99,-99,0
1,2006,94,14181.46,23,30.8,-99,-99,10.3
1,2006,95,17271.25,22.6,30,-99,-99,8.6
1,2006,96,17682.1,23,32,-99,-99,7.5
1,2006,97,14155.57,22.8,31,-99,-99,0.2
1,2006,98,18077.85,23,32.4,-99,-99,0
1,2006,99,16379.91,22.8,33,-99,-99,0
1,2006,100,22393.27,22.6,32.4,-99,-99,2
1,2006,101,19152.6,22.8,32.8,-99,-99,80.8
1,2006,102,13604.56,21.8,29.6,-99,-99,17.1
1,2006,103,15344.37,21,29.4,-99,-99,4
1,2006,104,11143.45,22.2,26.8,-99,-99,1
1,2006,105,13084.19,22,30.6,-99,-99,0
1,2006,106,19056.27,22.8,31.8,-99,-99,1.3
1,2006,107,15837.6,22.8,30.8,-99,-99,0
1,2006,108,21234.33,23,34.2,-99,-99,3.4
1,2006,109,18157.66,23,33.2,-99,-99,80.5
1,2006,110,14952.14,21,31.8,-99,-99,0
1,2006,111,24888.98,23.8,36,-99,-99,0
1,2006,112,24027.94,23,36.4,-99,-99,0
1,2006,113,14759.01,23.2,31.6,-99,-99,2.4
1,2006,114,19833.44,23.2,32.5,-99,-99,0
1,2006,115,22143.18,23,32.77,-99,-99,0
1,2006,116,12916.95,22,30,-99,-99,38
1,2006,117,16736.68,23,31,-99,-99,0
1,2006,118,21365.1,22.8,31.4,-99,-99,34
1,2006,119,17509.26,21.8,30.8,-99,-99,9
1,2006,120,13665.3,22,30,-99,-99,0.5
1,2006,121,18139.49,22.6,32.4,-99,-99,0
1,2006,122,11859.29,24,30,-99,-99,0
1,2006,123,19171.72,23.6,33.2,-99,-99,0
1,2006,124,19955.96,24,34,-99,-99,17
1,2006,125,13297,22,29.6,-99,-99,0
1,2006,126,17464.43,23,31.4,-99,-99,3
1,2006,127,14067.21,21.4,28.6,-99,-99,10
1,2006,128,15931.04,22.8,30,-99,-99,0.3
1,2006,129,19804.56,23,33.4,-99,-99,4.2
1,2006,130,16822.57,21.8,31.4,-99,-99,0
1,2006,131,21619.56,23,33.2,-99,-99,0
1,2006,132,22522.65,23.4,34.2,-99,-99,0
1,2006,133,24891.58,23.2,35,-99,-99,0
1,2006,134,23253.96,22.8,34.6,-99,-99,0
1,2006,135,17362.96,22.6,35.2,-99,-99,0
1,2006,136,19197.72,23.8,36,-99,-99,0
1,2006,137,12668.84,23,31,-99,-99,0
1,2006,138,12783.56,24,30,-99,-99,0
1,2006,139,16336.79,23.2,33,-99,-99,0
1,2006,140,20803.83,23.2,33.8,-99,-99,0
1,2006,141,16686.91,24,32.6,-99,-99,0.2
1,2006,142,21799.13,23.2,35.4,-99,-99,0
1,2006,143,20717.55,21.8,35.4,-99,-99,0
1,2006,144,13468.93,24.6,33.2,-99,-99,0
1,2006,145,21973.81,23,35.6,-99,-99,0
1,2006,146,16053.71,22.8,35.2,-99,-99,0.6
1,2006,147,18387.51,22.2,32.6,-99,-99,0
1,2006,148,15100.52,22.8,31.8,-99,-99,0
1,2006,149,18995.57,21.6,34,-99,-99,0.6
1,2006,150,21578.93,23,34.6,-99,-99,0
1,2006,151,17000.86,24.8,35,-99,-99,0
1,2006,152,17502.43,23.2,35,-99,-99,0
1,2006,153,20989.24,22.8,35.2,-99,-99,0
1,2006,154,20708.64,23,34.4,-99,-99,0
1,2006,155,18227.18,22,34.2,-99,-99,4
1,2006,156,18210.32,22,31.8,-99,-99,30.9
1,2006,157,14056.78,21.8,29,-99,-99,0
1,2006,158,10169.74,23,27.6,-99,-99,4.6
1,2006,159,11710.86,22.4,29,-99,-99,0
1,2006,160,11573.34,23,29,-99,-99,0.2
1,2006,161,15173.84,23.2,31.8,-99,-99,0.6
1,2006,162,10656.5,22.8,26.4,-99,-99,2.8
1,2006,163,19530.43,22.8,32.4,-99,-99,0
1,2006,164,22348.97,22.8,35,-99,-99,0
1,2006,165,17580.8,23.4,33,-99,-99,0.8
1,2006,166,19114.37,22.2,33.2,-99,-99,0
1,2006,167,13712.14,22.4,32,-99,-99,0
1,2006,168,19869.37,22.8,33.6,-99,-99,0
1,2006,169,17424.48,23,32.4,-99,-99,0
1,2006,170,20883.83,22,35.6,-99,-99,0
1,2006,171,19211.59,24,35.2,-99,-99,0
1,2006,172,15104.26,24,34.2,-99,-99,0
1,2006,173,21001.11,23.4,35.2,-99,-99,0
1,2006,174,21384.24,22.4,35.4,-99,-99,1.3
1,2006,175,18947.54,22.8,31.4,-99,-99,0
1,2006,176,14075.43,23,33,-99,-99,0
1,2006,177,19206.01,22.6,35,-99,-99,0
1,2006,178,18054.14,23.6,34.8,-99,-99,0
1,2006,179,21264.39,23,35.4,-99,-99,0
1,2006,180,23835.56,23,35.8,-99,-99,0
1,2006,181,21275.19,24,36.4,-99,-99,0
1,2006,182,23593.33,23.6,37.2,-99,-99,0
1,2006,183,19748.74,24,35.69,-99,-99,0
1,2006,184,15516.24,25.6,33.6,-99,-99,0
1,2006,185,14623.32,25,34,-99,-99,0
1,2006,186,15531.14,23,33.6,-99,-99,0
1,2006,187,20688.56,23.6,36.8,-99,-99,0
1,2006,188,20057.06,25.6,36.2,-99,-99,0
1,2006,189,21745.7,23.8,36.6,-99,-99,0
1,2006,190,19954.92,23.6,37,-99,-99,0
1,2006,191,19065.87,23.6,36.4,-99,-99,0
1,2006,192,16367.34,23,35,-99,-99,0
1,2006,193,21940.9,23.6,36,-99,-99,0
1,2006,194,18206.17,23.8,37,-99,-99,0
1,2006,195,16019.78,22.8,36.4,-99,-99,2.5
1,2006,196,16423.37,22,32.4,-99,-99,0
1,2006,197,18645.75,23,36.6,-99,-99,0
1,2006,198,17234.65,23.6,36,-99,-99,0
1,2006,199,18683.18,22.8,33.4,-99,-99,0
1,2006,200,19354.02,23.4,33,-99,-99,0
1,2006,201,18592.56,22,36.4,-99,-99,0
1,2006,202,20310.33,22.8,32.4,-99,-99,0
1,2006,203,11183.5,22.8,31.6,-99,-99,0
1,2006,204,18655.75,21.8,31.4,-99,-99,0
1,2006,205,13567.02,23,32.4,-99,-99,0
1,2006,206,19749.94,23.6,36.2,-99,-99,0
1,2006,207,20562.52,23,36,-99,-99,7.5
1,2006,208,19667.25,22.4,36.2,-99,-99,20.8
1,2006,209,10338.13,20,24.6,-99,-99,4
1,2006,210,19321.46,21.8,32,-99,-99,0
1,2006,211,22577.6,22.2,36.2,-99,-99,0
1,2006,212,21620.62,20,34.2,-99,-99,0
1,2006,213,21516.74,23.6,35.2,-99,-99,0
1,2006,214,22474.13,23.2,35,-99,-99,0
1,2006,215,20909.89,22.2,35.8,-99,-99,0
1,2006,216,21070.98,22.8,35.2,-99,-99,0
1,2006,217,23497.93,23,36.4,-99,-99,0
1,2006,218,22996.06,23.6,36,-99,-99,0
1,2006,219,17013.21,23,37,-99,-99,0
1,2006,220,15161.86,23.8,36.2,-99,-99,0
1,2006,221,20274.9,22.4,36.4,-99,-99,0
1,2006,222,21778.48,22.8,36,-99,-99,0
1,2006,223,13069.8,23,34.2,-99,-99,0
1,2006,224,21298.01,23.2,36,-99,-99,0
1,2006,225,16337.85,22.8,32,-99,-99,0
1,2006,226,21488.81,23,36.4,-99,-99,0
1,2006,227,18271.78,23.8,35.2,-99,-99,0
1,2006,228,17753.14,23.4,34.2,-99,-99,0
1,2006,229,18859.65,24,36.8,-99,-99,0
1,2006,230,15760.2,22,31.8,-99,-99,0
1,2006,231,18633.61,23,36.2,-99,-99,0
1,2006,232,20153.05,23,36.2,-99,-99,0
1,2006,233,18949.89,22.8,35,-99,-99,0
1,2006,234,16241.81,23.2,36,-99,-99,0
1,2006,235,24185.52,22.8,38.2,-99,-99,0
1,2006,236,21886.58,23.8,36.6,-99,-99,0
1,2006,237,12046.81,24,34.8,-99,-99,0
1,2006,238,20150.23,22,35,-99,-99,0
1,2006,239,14815.34,21.8,35.6,-99,-99,10.7
1,2006,240,17990.77,21,32.6,-99,-99,0
1,2006,241,17456.95,23,34.2,-99,-99,0
1,2006,242,17610.19,21.2,36.6,-99,-99,0
1,2006,243,23417.26,23,36.8,-99,-99,0
1,2006,244,20814.58,22.8,35.4,-99,-99,0
1,2006,245,21245.89,23,35.2,-99,-99,1
1,2006,246,14485.48,21,35,-99,-99,0
1,2006,247,16986.7,22.8,34.2,-99,-99,0
1,2006,248,15196.8,23.4,29.6,-99,-99,10.3
1,2006,249,22554.26,22.2,35.8,-99,-99,0
1,2006,250,15769.16,22.8,35.2,-99,-99,0
1,2006,251,22025.74,22.4,34.6,-99,-99,0
1,2006,252,18285.77,21.8,32.8,-99,-99,0
1,2006,253,22187.1,23.8,33,-99,-99,20.5
1,2006,254,16214.82,21.4,30.8,-99,-99,0
1,2006,255,14132.48,24,33.6,-99,-99,3
1,2006,256,15807.4,22,31.2,-99,-99,0
1,2006,257,22220.21,23,35,-99,-99,60.9
1,2006,258,15117.51,21,30,-99,-99,0
1,2006,259,15956.25,22.8,32,-99,-99,0
1,2006,260,13865.84,23,31.2,-99,-99,0
1,2006,261,12192.1,21,28.4,-99,-99,2
1,2006,262,19308.05,22,33.8,-99,-99,2
1,2006,263,21680.62,21.8,34.2,-99,-99,0
1,2006,264,18469.6,23.4,33,-99,-99,80.8
1,2006,265,22655.4,21.8,30,-99,-99,0
1,2006,266,22373.5,23,35.2,-99,-99,0
1,2006,267,17065.24,23,33.8,-99,-99,0
1,2006,268,25296.05,23.4,34.2,-99,-99,0
1,2006,269,21940.22,23.2,34.6,-99,-99,0
1,2006,270,25700.92,23,36,-99,-99,0
1,2006,271,21785.86,22.8,35.4,-99,-99,0
1,2006,272,15779.51,23.8,34.2,-99,-99,0
1,2006,273,16608.01,23.8,34.2,-99,-99,0
1,2006,274,21337.91,21.6,34.8,-99,-99,20.4
1,2006,275,11155.3,21.2,30,-99,-99,0
1,2006,276,16299.92,24,33,-99,-99,0.5
1,2006,277,19907.85,23,33.4,-99,-99,0
1,2006,278,24206.82,24,35.2,-99,-99,0
1,2006,279,19462.24,22.8,36,-99,-99,0
1,2006,280,17779.54,23,36,-99,-99,0
1,2006,281,20264.16,23.2,35,-99,-99,0
1,2006,282,12753.4,23.6,35,-99,-99,0
1,2006,283,18980.63,24,35.8,-99,-99,0
1,2006,284,14251.81,22,30,-99,-99,0
1,2006,285,21851.25,23.6,34.2,-99,-99,40.5
1,2006,286,11040.32,22,30,-99,-99,0
1,2006,287,20010.24,23,31.8,-99,-99,4
1,2006,288,13499.33,21.8,32.8,-99,-99,0
1,2006,289,12793.61,22,30,-99,-99,0
1,2006,290,10573.08,22.2,28,-99,-99,0
1,2006,291,22260.05,22,32,-99,-99,0
1,2006,292,16870.59,23,31.4,-99,-99,0
1,2006,293,19321.8,23.8,32.6,-99,-99,0
1,2006,294,18885.7,24,33,-99,-99,10.5
1,2006,295,18175.98,21.2,31.4,-99,-99,30.7
1,2006,296,10485.99,21,28.2,-99,-99,0.2
1,2006,297,22912.93,21.8,32,-99,-99,0
1,2006,298,19751.48,23,33.2,-99,-99,0
1,2006,299,13712.94,22.4,31,-99,-99,0
1,2006,300,20776.61,22.8,32.8,-99,-99,0
1,2006,301,17754.41,22,32.4,-99,-99,0
1,2006,302,22076.89,23,33.2,-99,-99,30.8
1,2006,303,16889,21,31.8,-99,-99,0
1,2006,304,16999.74,23,31,-99,-99,0
1,2006,305,21576.24,23,32,-99,-99,0
1,2006,306,22085.58,23.4,33,-99,-99,0
1,2006,307,21378.57,22.8,32,-99,-99,0
1,2006,308,16629.4,23,33,-99,-99,7
1,2006,309,10277.57,22,29,-99,-99,20.8
1,2006,310,17789.57,22.8,32,-99,-99,10.6
1,2006,311,17226.14,22.4,31,-99,-99,10.5
1,2006,312,14250.98,22,32,-99,-99,0
1,2006,313,20790.1,23,31.8,-99,-99,9
1,2006,314,18486.86,21.2,30,-99,-99,0
1,2006,315,21531.17,22.8,33,-99,-99,7
1,2006,316,12165.62,21.6,31.4,-99,-99,0
1,2006,317,19339.11,22.2,31.6,-99,-99,10.4
1,2006,318,13060.57,21,28.8,-99,-99,5
1,2006,319,10252.18,22,27,-99,-99,40.9
1,2006,320,15410.98,21.2,30,-99,-99,2
1,2006,321,13137.2,22,28.8,-99,-99,0
1,2006,322,14574.66,23,30,-99,-99,0
1,2006,323,17594.97,22.8,31.2,-99,-99,0
1,2006,324,18760.22,22,32,-99,-99,1
1,2006,325,20846.19,22.6,32.4,-99,-99,10.4
1,2006,326,16605.97,22.4,29.8,-99,-99,0
1,2006,327,19085.34,23,31.2,-99,-99,0
1,2006,328,17354.52,23,32,-99,-99,9
1,2006,329,19697.52,21.8,32,-99,-99,10.8
1,2006,330,17577.51,22,30,-99,-99,0
1,2006,331,18082.61,23.4,31.8,-99,-99,90.8
1,2006,332,18849.15,22,31,-99,-99,1
1,2006,333,16999.71,22.2,30.2,-99,-99,0
1,2006,334,21164.05,23.8,31.8,-99,-99,0
1,2006,335,20883.81,24,33.2,-99,-99,0
1,2006,336,13952.96,23,30,-99,-99,1
1,2006,337,19284.69,22.8,31.8,-99,-99,0
1,2006,338,19269.67,23,33,-99,-99,20.4
1,2006,339,14960.7,22,30.8,-99,-99,0
1,2006,340,16250.89,23.14,32,-99,-99,20.9
1,2006,341,14160.62,22.4,31.2,-99,-99,0
1,2006,342,12723.02,21.6,31.4,-99,-99,7
1,2006,343,10248.76,22,29,-99,-99,0
1,2006,344,21016.33,23.8,32.8,-99,-99,0
1,2006,345,19061.17,22.6,32.4,-99,-99,40.6
1,2006,346,14514.55,21,28.2,-99,-99,0
1,2006,347,17102.83,23,31.2,-99,-99,0
1,2006,348,17357.37,23,31.6,-99,-99,0
1,2006,349,20593.52,23,32.4,-99,-99,0
1,2006,350,20978.92,23.6,32.4,-99,-99,20.9
1,2006,351,19292.29,21.2,31.6,-99,-99,0
1,2006,352,19032.15,22,32,-99,-99,0
1,2006,353,19161.76,23.6,32,-99,-99,10
1,2006,354,16312.31,22,31,-99,-99,10.9
1,2006,355,16962.11,21.8,30,-99,-99,0
1,2006,356,12299.1,22,32,-99,-99,0
1,2006,357,15802.13,22.8,31.4,-99,-99,0
1,2006,358,21901.23,23,33,-99,-99,5
1,2006,359,17368.56,22.2,30,-99,-99,4
1,2006,360,17764.7,22,30.4,-99,-99,40.3
1,2006,361,16993.75,21.2,30,-99,-99,2
1,2006,362,17132.2,22,31.2,-99,-99,0
1,2006,363,22729.64,23.2,34.6,-99,-99,0
1,2006,364,19492.72,22.2,35.8,-99,-99,0
1,2006,365,18334.63,22.6,34.6,-99,-99,0
