-75,3.91,415,0,0
1,1996,1,17306.19,22.2,31.6,-99,-99,0
1,1996,2,18882.95,22.6,33.96,-99,-99,0
1,1996,3,18898.31,22.2,31.4,-99,-99,8.4
1,1996,4,18523.13,21,33.35,-99,-99,10.8
1,1996,5,20760.41,22,31,-99,-99,0
1,1996,6,18296.35,22.4,31.6,-99,-99,0
1,1996,7,12949.77,22,30,-99,-99,0
1,1996,8,21477.63,21.4,32.4,-99,-99,0
1,1996,9,14027.18,22.4,33.2,-99,-99,0
1,1996,10,19293.8,22.2,32.6,-99,-99,9.4
1,1996,11,16556.97,21.8,32.2,-99,-99,0
1,1996,12,20918.63,21.8,34.2,-99,-99,0
1,1996,13,11461.5,22.8,30.4,-99,-99,20
1,1996,14,15301.15,20.2,28.6,-99,-99,1.5
1,1996,15,18490.62,21.6,31,-99,-99,0
1,1996,16,19573.48,23,32.6,-99,-99,0
1,1996,17,21321.62,22.2,33,-99,-99,3.6
1,1996,18,16049.53,21.8,31.6,-99,-99,0
1,1996,19,19258.79,22.4,32.4,-99,-99,0
1,1996,20,19553.11,22,30.41,-99,-99,1
1,1996,21,20647.37,22.4,31.6,-99,-99,12.5
1,1996,22,17879.49,20.4,29.6,-99,-99,0
1,1996,23,22846.58,22.4,31.4,-99,-99,0
1,1996,24,22614.71,21.4,32.2,-99,-99,15.5
1,1996,25,15688.11,21.6,29.2,-99,-99,5.2
1,1996,26,18127.26,21.6,30.2,-99,-99,0
1,1996,27,21379.73,21.8,31,-99,-99,0
1,1996,28,22759.35,22,32,-99,-99,0
1,1996,29,23604.57,22.4,32.2,-99,-99,0
1,1996,30,17572.18,21.2,31.6,-99,-99,12
1,1996,31,13142.68,20.4,29.2,-99,-99,1
1,1996,32,12623.98,22.2,32.08,-99,-99,0
1,1996,33,12510.31,21.8,29.6,-99,-99,0
1,1996,34,13617.99,22,30,-99,-99,0
1,1996,35,18399.83,21.6,31.4,-99,-99,0
1,1996,36,20200.74,21,32,-99,-99,0
1,1996,37,23234.4,21.8,32.2,-99,-99,23.3
1,1996,38,18628.65,20.4,30,-99,-99,0.9
1,1996,39,17565.16,22.2,30.4,-99,-99,0
1,1996,40,10607.53,21.8,29.88,-99,-99,10.9
1,1996,41,18583.45,21,31.6,-99,-99,0.8
1,1996,42,12430.55,22.6,27.6,-99,-99,7
1,1996,43,17817.83,21.8,31.2,-99,-99,0
1,1996,44,13850.08,22,31.8,-99,-99,0
1,1996,45,13458.55,22,33,-99,-99,0
1,1996,46,19284.08,21.2,34.2,-99,-99,0
1,1996,47,20143.72,22.8,33.8,-99,-99,1.5
1,1996,48,17541.06,22,31.6,-99,-99,0
1,1996,49,12017.23,22.6,29.6,-99,-99,0
1,1996,50,17592.89,22,31.4,-99,-99,0
1,1996,51,23321.44,22.4,35,-99,-99,0
1,1996,52,22099.76,23.2,35.4,-99,-99,0.4
1,1996,53,19479.91,23.4,33.4,-99,-99,0
1,1996,54,22856.33,22.8,34.4,-99,-99,3.5
1,1996,55,16595.82,20.4,32,-99,-99,0
1,1996,56,16057.44,22.8,32.6,-99,-99,0
1,1996,57,18038.54,23.4,34.2,-99,-99,0
1,1996,58,16517.76,21.4,33.2,-99,-99,11.9
1,1996,59,18361.68,20.2,34.6,-99,-99,2.6
1,1996,60,13886.67,22.8,32.6,-99,-99,6.3
1,1996,61,16714.51,22.4,31.8,-99,-99,5.6
1,1996,62,15606.17,21.2,30.6,-99,-99,0
1,1996,63,21678.36,22.8,32,-99,-99,56.9
1,1996,64,17892.49,20.4,31.2,-99,-99,1.3
1,1996,65,14664.38,23.6,30.4,-99,-99,2
1,1996,66,10866.47,23.4,31,-99,-99,7.5
1,1996,67,12995.11,21.6,30.4,-99,-99,35.2
1,1996,68,15125.71,21,29.8,-99,-99,0
1,1996,69,14571.43,22.4,31.6,-99,-99,0
1,1996,70,14723.19,22.6,30.4,-99,-99,8.7
1,1996,71,16431.14,22,30.2,-99,-99,1.5
1,1996,72,18281.23,21.8,31.2,-99,-99,2.8
1,1996,73,19706.84,21.8,33,-99,-99,1.6
1,1996,74,24248.96,22,32.2,-99,-99,0
1,1996,75,21423.83,22.4,33.4,-99,-99,0
1,1996,76,16470.6,21,30.6,-99,-99,0
1,1996,77,13215.91,21.8,30.4,-99,-99,0
1,1996,78,17472.71,22.4,33.4,-99,-99,0
1,1996,79,20169.69,23,33.4,-99,-99,13.8
1,1996,80,20597.59,20.4,33.2,-99,-99,10.1
1,1996,81,11102.75,21.4,25.6,-99,-99,15.3
1,1996,82,18048.71,20.8,30.4,-99,-99,0
1,1996,83,17198.44,22.8,32.6,-99,-99,0
1,1996,84,16064.33,22.8,30.42,-99,-99,0
1,1996,85,18753.6,22.6,33.6,-99,-99,0
1,1996,86,15211.27,23.4,30.6,-99,-99,0
1,1996,87,19170.79,22.8,33.6,-99,-99,0
1,1996,88,21145.74,22.2,34.4,-99,-99,0
1,1996,89,22693.61,22.4,35,-99,-99,27.7
1,1996,90,21271.45,20.4,32.4,-99,-99,2.4
1,1996,91,16743.16,21.6,33,-99,-99,0.2
1,1996,92,24497.29,21.6,34.6,-99,-99,0
1,1996,93,19124.6,23.8,34,-99,-99,3.2
1,1996,94,14745.14,22.4,33.6,-99,-99,0
1,1996,95,18116.1,22.4,32.8,-99,-99,3.5
1,1996,96,16415.89,21.8,32.6,-99,-99,0
1,1996,97,24416.87,22.4,34,-99,-99,0
1,1996,98,22010.05,22.6,33,-99,-99,1
1,1996,99,17221.71,22,33.4,-99,-99,0
1,1996,100,14824.77,23,33.6,-99,-99,0
1,1996,101,19012.59,21.8,32.6,-99,-99,0
1,1996,102,15918.08,22.8,32.6,-99,-99,0
1,1996,103,18836.82,21.8,32.2,-99,-99,0
1,1996,104,21189.95,22.2,33.4,-99,-99,0
1,1996,105,13084.19,23.4,28.6,-99,-99,15.5
1,1996,106,17803.53,22,31.6,-99,-99,0
1,1996,107,23622.44,22.4,34,-99,-99,0
1,1996,108,21095.5,22.2,33.6,-99,-99,0
1,1996,109,22317.98,23.2,33.8,-99,-99,0
1,1996,110,17721.26,22.2,32,-99,-99,58.1
1,1996,111,19220.24,19.8,30.2,-99,-99,5.6
1,1996,112,19747.94,23,32.8,-99,-99,11.6
1,1996,113,24271.59,20.4,32.6,-99,-99,14.8
1,1996,114,16254.3,20.4,30.4,-99,-99,8
1,1996,115,16645.07,19,28.6,-99,-99,79.4
1,1996,116,21014.31,22,32,-99,-99,0.4
1,1996,117,23725.29,23.4,34.2,-99,-99,10
1,1996,118,14524.21,21.6,30.6,-99,-99,3
1,1996,119,20104.7,23.2,32.6,-99,-99,1.4
1,1996,120,15029.15,22.6,31.8,-99,-99,0
1,1996,121,15688.5,22,31.6,-99,-99,2.3
1,1996,122,19608.19,22.4,32.2,-99,-99,0
1,1996,123,24600.7,22.2,33.2,-99,-99,0
1,1996,124,17110.4,23.2,33.2,-99,-99,0
1,1996,125,20466.88,21.8,33.6,-99,-99,76
1,1996,126,18409.84,21.8,31.6,-99,-99,0
1,1996,127,14067.21,23.4,32,-99,-99,0
1,1996,128,15661.81,23.8,31.8,-99,-99,6.7
1,1996,129,13353.72,21.8,30,-99,-99,0.6
1,1996,130,18835.14,22.4,32,-99,-99,0
1,1996,131,18806.57,23.4,32.6,-99,-99,0
1,1996,132,21319.05,23,35.4,-99,-99,1.6
1,1996,133,10471.8,23.2,30,-99,-99,1.8
1,1996,134,18988.32,21,33,-99,-99,1.4
1,1996,135,13636.51,22.6,30.2,-99,-99,56.6
1,1996,136,16141.56,20.8,31,-99,-99,0
1,1996,137,10678.83,23.6,29.6,-99,-99,4
1,1996,138,11856.33,20.6,31.57,-99,-99,0
1,1996,139,22288.38,21.4,31.41,-99,-99,0.3
1,1996,140,15785.66,21.4,31.6,-99,-99,48.6
1,1996,141,10885.08,20,29.8,-99,-99,1.3
1,1996,142,17717.48,21.8,31.2,-99,-99,0
1,1996,143,22821.17,21.6,33,-99,-99,0
1,1996,144,11630.87,21,30.2,-99,-99,0
1,1996,145,22891.56,21.8,32,-99,-99,2.5
1,1996,146,14613.49,20.6,31.8,-99,-99,29.3
1,1996,147,14595.61,19.8,29.6,-99,-99,42.2
1,1996,148,17842.84,21,30.6,-99,-99,2.6
1,1996,149,18213.04,22.4,32.8,-99,-99,0.5
1,1996,150,18061.85,21.6,31.2,-99,-99,1.4
1,1996,151,16480.43,21.6,30.24,-99,-99,1.6
1,1996,152,18152.23,21.8,31,-99,-99,95
1,1996,153,17743.87,20.6,31.42,-99,-99,23.5
1,1996,154,16948.02,20,30.97,-99,-99,2.8
1,1996,155,14859.04,22.8,30.47,-99,-99,0
1,1996,156,12645.4,22,30.89,-99,-99,0
1,1996,157,17677.06,21.8,30,-99,-99,0
1,1996,158,21796,22,31.4,-99,-99,0
1,1996,159,11969,21.8,30.29,-99,-99,0
1,1996,160,18408.7,21.6,29.51,-99,-99,0
1,1996,161,23163.95,24,31.93,-99,-99,0
1,1996,162,22633.29,21.8,32.2,-99,-99,0
1,1996,163,17213.84,22,32.5,-99,-99,0
1,1996,164,19905.15,22,32.4,-99,-99,0
1,1996,165,22208.67,22,32.83,-99,-99,0
1,1996,166,13974.84,22.8,33.2,-99,-99,2.5
1,1996,167,10629.79,21.4,32.6,-99,-99,3
1,1996,168,11652.98,22.4,32,-99,-99,1
1,1996,169,11777.61,22.6,32.2,-99,-99,0.6
1,1996,170,12031.04,22.6,32,-99,-99,4.6
1,1996,171,17544.05,23,32,-99,-99,0
1,1996,172,12411.03,22.6,32.57,-99,-99,0
1,1996,173,17667.05,24.6,31.03,-99,-99,0.3
1,1996,174,12152.1,23.2,33,-99,-99,0
1,1996,175,20101.54,21.2,32.6,-99,-99,0
1,1996,176,16896.43,22,31.67,-99,-99,0.1
1,1996,177,14076.46,23,29.88,-99,-99,0.5
1,1996,178,15873.77,21.8,32.2,-99,-99,7.8
1,1996,179,17415.91,20,28.92,-99,-99,0
1,1996,180,12543.87,22,31,-99,-99,0
1,1996,181,13573.98,22.4,29.68,-99,-99,0.3
1,1996,182,15504.2,21.8,30,-99,-99,0
1,1996,183,16794.37,21.6,29.67,-99,-99,0
1,1996,184,12817.54,22.4,31,-99,-99,0
1,1996,185,15523.34,21,31.71,-99,-99,0
1,1996,186,15659.78,20.23,29.83,-99,-99,0
1,1996,187,12836.45,22.4,30.46,-99,-99,0
1,1996,188,14518.37,21.2,30.89,-99,-99,0
1,1996,189,17878.81,21,32,-99,-99,3
1,1996,190,17891.05,22.4,32.6,-99,-99,31
1,1996,191,20098.62,20.2,32.2,-99,-99,0
1,1996,192,17013.34,21.2,32,-99,-99,0
1,1996,193,19096,21.8,30.53,-99,-99,0
1,1996,194,15099.81,20,31.83,-99,-99,0
1,1996,195,17056.23,20.8,32.4,-99,-99,0
1,1996,196,19924.83,20.6,32,-99,-99,0
1,1996,197,18905.39,22.6,31.4,-99,-99,0
1,1996,198,11256.69,23.2,30.41,-99,-99,0
1,1996,199,16731.7,20.6,32.12,-99,-99,0
1,1996,200,23131.16,23.8,31.44,-99,-99,0
1,1996,201,14419.83,21.4,33,-99,-99,0.3
1,1996,202,11954.87,23.4,31.55,-99,-99,0.2
1,1996,203,18973.13,22.8,32.37,-99,-99,0
1,1996,204,21219.67,23.2,30.54,-99,-99,0
1,1996,205,24351.05,23.8,33.2,-99,-99,0
1,1996,206,24277.78,20.2,33.46,-99,-99,0
1,1996,207,22921.48,21.4,33.6,-99,-99,0.5
1,1996,208,18809.75,21.8,32,-99,-99,0.8
1,1996,209,24585.52,22.2,33.29,-99,-99,0
1,1996,210,16898.19,23.4,31.2,-99,-99,0
1,1996,211,19412.79,21,31.05,-99,-99,1.4
1,1996,212,12922.51,21.2,33.25,-99,-99,0
1,1996,213,19593.75,20,33.2,-99,-99,1
1,1996,214,16503.65,21.4,34.2,-99,-99,0.8
1,1996,215,21574.23,22.8,34.5,-99,-99,0
1,1996,216,13220.33,24.2,33.6,-99,-99,0
1,1996,217,20566.3,21.8,34.2,-99,-99,0
1,1996,218,14855.59,22.6,33.6,-99,-99,0
1,1996,219,14607.59,23.4,34.65,-99,-99,0
1,1996,220,15563.38,22.8,34.6,-99,-99,0
1,1996,221,21749.3,22,32.8,-99,-99,4.7
1,1996,222,15738.04,20,33,-99,-99,1.3
1,1996,223,16699.33,21.2,33.75,-99,-99,0
1,1996,224,22778.85,19,34,-99,-99,0
1,1996,225,15798.59,21.6,33,-99,-99,0
1,1996,226,22433.86,20.4,36.02,-99,-99,0
1,1996,227,15973.4,24.4,34.2,-99,-99,0
1,1996,228,18294.7,24,34.2,-99,-99,0
1,1996,229,17910.61,23.2,31.4,-99,-99,0
1,1996,230,22684.1,23,34.6,-99,-99,0
1,1996,231,19449.29,21.2,34.82,-99,-99,0
1,1996,232,15116.31,22.4,34.68,-99,-99,0
1,1996,233,17859.44,19.8,34.2,-99,-99,0
1,1996,234,20882.23,21.8,35,-99,-99,0
1,1996,235,13936.33,22.4,33.6,-99,-99,0
1,1996,236,19150.07,21.6,35.45,-99,-99,0
1,1996,237,12320.79,22.4,35.4,-99,-99,0.2
1,1996,238,22756.16,22.6,34.91,-99,-99,0
1,1996,239,19072.05,21.2,31,-99,-99,3.6
1,1996,240,14416.61,20.8,31,-99,-99,4.3
1,1996,241,24750.73,19.8,34.23,-99,-99,0
1,1996,242,21192.07,22.6,34.34,-99,-99,0
1,1996,243,18314.74,22.8,34.2,-99,-99,2.7
1,1996,244,11703.75,23.4,34,-99,-99,0
1,1996,245,20831.36,21.6,35,-99,-99,0
1,1996,246,16421.71,20.8,35.09,-99,-99,4
1,1996,247,23492.6,20.2,34,-99,-99,0
1,1996,248,18383.21,22.2,34.17,-99,-99,0.4
1,1996,249,16869.59,22.4,34,-99,-99,0
1,1996,250,16879.21,20.8,35.11,-99,-99,0
1,1996,251,17721.24,20.4,35.17,-99,-99,0
1,1996,252,22871.07,23.4,34.49,-99,-99,5.9
1,1996,253,16208.54,19.8,34.51,-99,-99,4.2
1,1996,254,21083.94,21.4,35.85,-99,-99,0
1,1996,255,18725.85,22,35.45,-99,-99,0
1,1996,256,21934.93,23.4,35,-99,-99,0
1,1996,257,15114.65,23.6,34.5,-99,-99,0
1,1996,258,16093.18,23.8,33.6,-99,-99,0
1,1996,259,12052.19,23.8,35.27,-99,-99,0
1,1996,260,19165.85,19.8,34.96,-99,-99,0
1,1996,261,15679.87,22.6,34.12,-99,-99,0
1,1996,262,20982.54,22.6,35.6,-99,-99,0
1,1996,263,22797.14,24,35.61,-99,-99,0
1,1996,264,24471.58,23.6,35,-99,-99,2.2
1,1996,265,16234.21,22,35.17,-99,-99,0
1,1996,266,19581.61,21.6,36.28,-99,-99,0
1,1996,267,23207.25,21.2,36.11,-99,-99,1
1,1996,268,12315,22,35.24,-99,-99,1.4
1,1996,269,19707.19,22,35,-99,-99,18.9
1,1996,270,17747.07,20,33.18,-99,-99,0
1,1996,271,21227.81,22.2,34.5,-99,-99,0
1,1996,272,13268.96,24,33.79,-99,-99,0
1,1996,273,16886.87,21.6,33.79,-99,-99,0
1,1996,274,19247.17,21,34.49,-99,-99,0
1,1996,275,20629.52,22,34.2,-99,-99,0
1,1996,276,23541.69,23.4,35.4,-99,-99,0
1,1996,277,18515.88,23.8,34.53,-99,-99,0
1,1996,278,15720.36,22.4,32.08,-99,-99,1.8
1,1996,279,19184.16,22,32.8,-99,-99,45.8
1,1996,280,18891.18,19,33.46,-99,-99,0.6
1,1996,281,16931.43,21.8,32.6,-99,-99,3.8
1,1996,282,17332.68,20.6,33.6,-99,-99,0
1,1996,283,14959.4,23,30.24,-99,-99,0.4
1,1996,284,20625.31,21.8,33.2,-99,-99,0
1,1996,285,22128.13,22.2,32.12,-99,-99,0
1,1996,286,18371.37,22.6,33.2,-99,-99,0
1,1996,287,21806.82,21.8,33.2,-99,-99,0
1,1996,288,15018.09,22.8,30.47,-99,-99,0
1,1996,289,11966,22,27.78,-99,-99,45.7
1,1996,290,14982.63,20.4,31.05,-99,-99,0
1,1996,291,12486.42,21.2,31.93,-99,-99,0
1,1996,292,22646.05,21.8,31.47,-99,-99,0
1,1996,293,21931.66,21,30.48,-99,-99,0.7
1,1996,294,10516.01,21.2,31.48,-99,-99,5.8
1,1996,295,20642.9,20.8,31.55,-99,-99,15.5
1,1996,296,10485.99,19.4,30,-99,-99,7.5
1,1996,297,18127.45,21.2,31.65,-99,-99,0
1,1996,298,21380.14,22.8,32.2,-99,-99,19.9
1,1996,299,19714.27,19.4,32.2,-99,-99,0
1,1996,300,24590.85,23,31.8,-99,-99,0
1,1996,301,19114.91,21.8,27.89,-99,-99,13.8
1,1996,302,11750.4,23.8,31.3,-99,-99,12.8
1,1996,303,18788.78,21.2,30.49,-99,-99,31
1,1996,304,17406.3,20.2,29.87,-99,-99,9.6
1,1996,305,20358.17,22,31.71,-99,-99,0
1,1996,306,24248.15,22.8,32.27,-99,-99,13.8
1,1996,307,18004.09,20.2,32,-99,-99,0
1,1996,308,15685.82,23.2,32.8,-99,-99,4.6
1,1996,309,22123.76,22.8,33.13,-99,-99,0
1,1996,310,23435.79,23.4,33.2,-99,-99,0
1,1996,311,21253.7,20,33,-99,-99,0
1,1996,312,18004.96,22,32.83,-99,-99,0
1,1996,313,21459.55,22.6,33.2,-99,-99,0
1,1996,314,17016.04,22.4,33.4,-99,-99,5.7
1,1996,315,18883.11,24,30,-99,-99,20.2
1,1996,316,14832.71,20.6,32.6,-99,-99,0
1,1996,317,17341.44,22.2,33.09,-99,-99,0
1,1996,318,14922.64,23,32.2,-99,-99,0
1,1996,319,15034.16,22,32.16,-99,-99,17.5
1,1996,320,13155.7,20.8,29.89,-99,-99,0.4
1,1996,321,18967.03,21.6,33.4,-99,-99,0
1,1996,322,20529.6,21.8,33.2,-99,-99,0
1,1996,323,19445.36,22.57,32.42,-99,-99,0
1,1996,324,14403.81,22,32.46,-99,-99,0
1,1996,325,22955.9,21.8,32.8,-99,-99,0
1,1996,326,17264.5,22.54,32.6,-99,-99,0
1,1996,327,20400.92,22,30.52,-99,-99,0
1,1996,328,13543.48,21,32.83,-99,-99,0
1,1996,329,16415.63,22.6,32.6,-99,-99,0
1,1996,330,13381.02,22,33.47,-99,-99,3.6
1,1996,331,17427.56,21.8,33.13,-99,-99,9.8
1,1996,332,17147.66,22.4,29.71,-99,-99,0.2
1,1996,333,16084.37,22.8,32.2,-99,-99,15.2
1,1996,334,17897.88,20.8,30.8,-99,-99,0
1,1996,335,21405.95,22.8,30.36,-99,-99,6
1,1996,336,15648.55,21,31.05,-99,-99,0
1,1996,337,23715.92,20.6,30.17,-99,-99,0
1,1996,338,10283.4,22.4,31.8,-99,-99,11.5
1,1996,339,19646,22,30.41,-99,-99,0.2
1,1996,340,13909.74,22.6,30.41,-99,-99,1.1
1,1996,341,18710.18,20.4,29.84,-99,-99,5.6
1,1996,342,21557.34,20.2,31.46,-99,-99,3.1
1,1996,343,19987.65,20,31.45,-99,-99,15.1
1,1996,344,13747.89,19.6,29.73,-99,-99,16.3
1,1996,345,19190.91,20.8,32.4,-99,-99,28.4
1,1996,346,14644.25,19.8,30,-99,-99,9.4
1,1996,347,12175.86,20,25.42,-99,-99,0.8
1,1996,348,17227.74,20.8,30,-99,-99,0.2
1,1996,349,19038.33,22.4,31.62,-99,-99,0.3
1,1996,350,13852.01,22.6,31.4,-99,-99,0
1,1996,351,20199.26,19.8,31.8,-99,-99,0
1,1996,352,23178.15,19.6,32.6,-99,-99,0
1,1996,353,19809.58,18.6,32.57,-99,-99,0
1,1996,354,14887.02,21.8,32.4,-99,-99,0
1,1996,355,18776.33,20.4,33.36,-99,-99,0
1,1996,356,19686.79,22,32.8,-99,-99,0.2
1,1996,357,13987.2,22,33,-99,-99,0
1,1996,358,15547.27,21.8,33.6,-99,-99,0
1,1996,359,20611.43,21.8,34.44,-99,-99,0
1,1996,360,20359.97,23.2,33.36,-99,-99,0
1,1996,361,15046.46,22.6,34.41,-99,-99,0
1,1996,362,18171.26,22.2,33.88,-99,-99,0.9
1,1996,363,19610.83,23.2,32.8,-99,-99,0
1,1996,364,17932.41,21.8,32.16,-99,-99,0
1,1996,365,16643.22,23.4,33,-99,-99,0.2
1,1996,366,18087.33,21.6,33.53,-99,-99,0
