-75,3.91,415,0,0
1,1980,1,16837.09,20.8,32,-99,-99,1
1,1980,2,17384.11,22,31.6,-99,-99,0
1,1980,3,21843.74,22.6,33.4,-99,-99,2
1,1980,4,15804.38,20.4,33.4,-99,-99,0
1,1980,5,18843.94,22.2,34,-99,-99,0
1,1980,6,20240.86,22.4,34,-99,-99,0
1,1980,7,20128.75,22.8,34.2,-99,-99,0
1,1980,8,22494.92,21.8,35.8,-99,-99,0
1,1980,9,15529.89,22.2,35.2,-99,-99,0
1,1980,10,21161.62,23,35,-99,-99,0
1,1980,11,16042.76,23,35,-99,-99,0
1,1980,12,18099.72,22.79,35.2,-99,-99,0
1,1980,13,21161.62,22.01,34.6,-99,-99,0
1,1980,14,17933.46,22.01,34.4,-99,-99,0
1,1980,15,18384.21,22.6,31.8,-99,-99,2
1,1980,16,14610.02,21.2,33,-99,-99,0
1,1980,17,15529.89,21.2,33.6,-99,-99,0
1,1980,18,11254.68,23,33.4,-99,-99,4
1,1980,19,18843.94,21,30.4,-99,-99,0
1,1980,20,19651.07,22.6,32.2,-99,-99,0
1,1980,21,21459.19,22.2,32.4,-99,-99,0
1,1980,22,20240.86,22.4,35.8,-99,-99,18.3
1,1980,23,20783.6,21,33.6,-99,-99,0
1,1980,24,20378.89,24,32.2,-99,-99,0
1,1980,25,20783.6,21.69,36.4,-99,-99,0
1,1980,26,18562.05,21.6,36.6,-99,-99,0
1,1980,27,22122.54,22.6,35.03,-99,-99,0
1,1980,28,21242.82,22,34.4,-99,-99,0
1,1980,29,21759.59,22.8,35.4,-99,-99,0
1,1980,30,12648.94,22.4,28.4,-99,-99,0
1,1980,31,18980.02,22.2,33.2,-99,-99,0
1,1980,32,10958.5,23.45,31.2,-99,-99,0
1,1980,33,12764.18,23.2,31.8,-99,-99,0
1,1980,34,15928.8,23.8,33.8,-99,-99,12.9
1,1980,35,10187.57,20.8,30.54,-99,-99,1.6
1,1980,36,20900.92,21.58,32.2,-99,-99,0
1,1980,37,13933.14,22.8,32.4,-99,-99,0
1,1980,38,10919.67,22.4,33.8,-99,-99,0
1,1980,39,19385.7,22.79,34,-99,-99,0.2
1,1980,40,20783.6,23.4,34.4,-99,-99,0
1,1980,41,21759.59,23,35.2,-99,-99,0.4
1,1980,42,23323.36,23.8,34.8,-99,-99,0
1,1980,43,24665.69,23.6,35.6,-99,-99,0
1,1980,44,22678.73,24.2,35.4,-99,-99,0
1,1980,45,23983.91,22.6,35.6,-99,-99,0
1,1980,46,22578.04,23.8,33.8,-99,-99,2
1,1980,47,19238.14,23,34.8,-99,-99,2.4
1,1980,48,13810.13,22.4,33.2,-99,-99,0
1,1980,49,16693.81,23,34.2,-99,-99,51
1,1980,50,14886.1,20.8,31.8,-99,-99,11
1,1980,51,11537.19,23,30.6,-99,-99,0.1
1,1980,52,17517.26,23.4,32.2,-99,-99,0
1,1980,53,23919.01,22.6,33.4,-99,-99,0
1,1980,54,23569.13,20.8,34,-99,-99,0
1,1980,55,22859.82,24.4,34.6,-99,-99,0
1,1980,56,19114.05,22.8,33.4,-99,-99,0
1,1980,57,14189.42,23.6,34.6,-99,-99,0
1,1980,58,18384.21,21.4,34.2,-99,-99,0
1,1980,59,22309.52,22.8,35,-99,-99,0
1,1980,60,24802.77,22.4,34.2,-99,-99,0
1,1980,61,23569.13,22.6,34.6,-99,-99,0
1,1980,62,15012.12,23.2,35.2,-99,-99,0
1,1980,63,22398.56,23.4,34,-99,-99,20
1,1980,64,19651.07,19.8,31.8,-99,-99,0
1,1980,65,15389.84,21,31.6,-99,-99,0
1,1980,66,20128.75,24.8,33.8,-99,-99,9
1,1980,67,24609.88,22.6,33,-99,-99,0
1,1980,68,24442.45,24.2,34.8,-99,-99,0
1,1980,69,23569.13,22.79,36.2,-99,-99,0
1,1980,70,21161.62,23.8,35.2,-99,-99,0
1,1980,71,22859.82,23.8,35.2,-99,-99,0
1,1980,72,24129.47,23.6,35.4,-99,-99,0
1,1980,73,21665,23.6,35.2,-99,-99,0
1,1980,74,21045.67,24.6,32.6,-99,-99,0
1,1980,75,22678.73,24,35.8,-99,-99,0
1,1980,76,22220.49,22.4,36,-99,-99,0
1,1980,77,23274.31,26,37.2,-99,-99,72
1,1980,78,19114.05,20.2,31.8,-99,-99,25
1,1980,79,12648.94,22,29,-99,-99,15
1,1980,80,24032.43,23.2,33.2,-99,-99,0
1,1980,81,23983.91,24.6,34.2,-99,-99,0
1,1980,82,15263.73,23,32.2,-99,-99,1.9
1,1980,83,24894.16,22.8,31.2,-99,-99,0
1,1980,84,23854.11,23.8,35.8,-99,-99,0.3
1,1980,85,22020.25,23.6,33.4,-99,-99,0
1,1980,86,23646.72,25.4,34.4,-99,-99,0
1,1980,87,23789.21,23.8,35.2,-99,-99,0
1,1980,88,22779.42,27.4,35.4,-99,-99,0
1,1980,89,22678.73,28,34.4,-99,-99,0
1,1980,90,18384.21,22.79,29.4,-99,-99,0.9
1,1980,91,23225.25,23.2,36.2,-99,-99,0
1,1980,92,22122.54,24.8,36,-99,-99,0
1,1980,93,23158.91,23,31.2,-99,-99,0.6
1,1980,94,22779.42,24,35.44,-99,-99,0
1,1980,95,24386.64,24.2,33.8,-99,-99,0
1,1980,96,23646.72,24.2,30.8,-99,-99,6.3
1,1980,97,23646.72,22.8,29.2,-99,-99,3.6
1,1980,98,17777.77,22,29.8,-99,-99,1.7
1,1980,99,16303.41,23.4,32.8,-99,-99,7.6
1,1980,100,10760.8,23.8,34.6,-99,-99,20
1,1980,101,10544.51,22.2,30.6,-99,-99,0.2
1,1980,102,20128.75,23.2,33.6,-99,-99,0
1,1980,103,14886.1,23.2,33.6,-99,-99,0
1,1980,104,10919.67,24.4,34.2,-99,-99,46
1,1980,105,20240.86,21.4,32.8,-99,-99,21.5
1,1980,106,20240.86,22,30.6,-99,-99,0
1,1980,107,22494.92,23.6,34.2,-99,-99,0
1,1980,108,23323.36,24.8,33.6,-99,-99,0.2
1,1980,109,22309.52,23.8,34.2,-99,-99,0
1,1980,110,20240.86,22.41,34.8,-99,-99,0
1,1980,111,21459.19,25.4,34.6,-99,-99,2.1
1,1980,112,20650.67,23,33.2,-99,-99,0
1,1980,113,22779.42,24.6,33.48,-99,-99,0
1,1980,114,20128.75,23.6,31.4,-99,-99,0
1,1980,115,18700.04,24,30,-99,-99,0
1,1980,116,11395.51,23.8,32.2,-99,-99,5.5
1,1980,117,16042.76,23,29,-99,-99,1.7
1,1980,118,23158.91,21.4,34,-99,-99,0
1,1980,119,21843.74,24,34.2,-99,-99,0
1,1980,120,15389.84,25,33.6,-99,-99,0
1,1980,121,21242.82,24.2,34,-99,-99,1.8
1,1980,122,18099.72,22.6,34,-99,-99,27.3
1,1980,123,21927.88,23.2,32,-99,-99,0
1,1980,124,17098.03,24.2,31.4,-99,-99,4
1,1980,125,16693.81,23.4,28.6,-99,-99,0
1,1980,126,18562.05,23.6,34.2,-99,-99,0
1,1980,127,17384.11,24.8,32,-99,-99,0.4
1,1980,128,15389.84,25.6,34.4,-99,-99,0
1,1980,129,19114.05,23.8,31.6,-99,-99,0
1,1980,130,18980.02,23.8,35,-99,-99,0
1,1980,131,22779.42,24.6,35.2,-99,-99,0
1,1980,132,20783.6,23.69,34.8,-99,-99,0
1,1980,133,16042.76,24.2,34.2,-99,-99,0
1,1980,134,18700.04,24.2,33.4,-99,-99,0.3
1,1980,135,12764.18,23.8,31.8,-99,-99,0
1,1980,136,11395.51,23.2,29.8,-99,-99,0.9
1,1980,137,21161.62,22.8,34.6,-99,-99,0.7
1,1980,138,17777.77,25,32.2,-99,-99,1.4
1,1980,139,17933.46,24.2,35.2,-99,-99,0.4
1,1980,140,22020.25,22,32.4,-99,-99,0
1,1980,141,14610.02,23.8,37,-99,-99,0
1,1980,142,20900.92,23,34.2,-99,-99,0.1
1,1980,143,19651.07,23.8,34.8,-99,-99,0
1,1980,144,23323.36,22.8,34.8,-99,-99,0
1,1980,145,21358.02,23.6,35.2,-99,-99,0
1,1980,146,17933.46,24.8,37,-99,-99,0
1,1980,147,21358.02,23.4,32,-99,-99,0
1,1980,148,22678.73,24.4,36,-99,-99,0
1,1980,149,21358.02,23.4,36.2,-99,-99,0
1,1980,150,19385.7,23.6,35.2,-99,-99,1
1,1980,151,13933.14,22.2,33.8,-99,-99,0
1,1980,152,20240.86,22.8,30.2,-99,-99,7.9
1,1980,153,14328.8,22.8,32.79,-99,-99,25.6
1,1980,154,10319.53,21.8,28,-99,-99,5.5
1,1980,155,16693.81,22.4,32.8,-99,-99,1.4
1,1980,156,19888.07,23.2,34,-99,-99,0.5
1,1980,157,17650.02,22.4,28.8,-99,-99,1.5
1,1980,158,17777.77,22.8,34.6,-99,-99,0
1,1980,159,18099.72,24,34.6,-99,-99,0
1,1980,160,16303.41,23.8,34.8,-99,-99,0
1,1980,161,18384.21,24.2,34.6,-99,-99,3.9
1,1980,162,14760.08,22.4,30,-99,-99,1.8
1,1980,163,15263.73,21.8,33.4,-99,-99,4.4
1,1980,164,13193.01,23.6,31.8,-99,-99,4.3
1,1980,165,20378.89,22.2,32,-99,-99,1.1
1,1980,166,20240.86,23.8,36,-99,-99,0
1,1980,167,19651.07,22.8,34,-99,-99,0
1,1980,168,20900.92,23.2,37.4,-99,-99,0
1,1980,169,17098.03,21.8,33.4,-99,-99,0
1,1980,170,15928.8,24.2,35.6,-99,-99,0
1,1980,171,16448.11,21.6,36.2,-99,-99,0.2
1,1980,172,15928.8,23.2,32.8,-99,-99,0.3
1,1980,173,13810.13,23.2,35.4,-99,-99,0
1,1980,174,14760.08,25.2,36.4,-99,-99,0
1,1980,175,21665,24.2,36.4,-99,-99,0
1,1980,176,21045.67,23,36.4,-99,-99,0
1,1980,177,13933.14,24.2,36.6,-99,-99,54.7
1,1980,178,19385.7,21.4,31.6,-99,-99,0.3
1,1980,179,21161.62,23.2,32.6,-99,-99,0
1,1980,180,18700.04,23,33.4,-99,-99,0
1,1980,181,17384.11,23.8,34.2,-99,-99,0
1,1980,182,22578.04,23,35.2,-99,-99,0.2
1,1980,183,19238.14,23.4,33.8,-99,-99,0.3
1,1980,184,18099.72,23.2,36,-99,-99,0
1,1980,185,18562.05,23.4,36.2,-99,-99,0
1,1980,186,20650.67,25.8,36.2,-99,-99,0
1,1980,187,17243.58,25.6,33.16,-99,-99,0
1,1980,188,18562.05,26.8,34.41,-99,-99,0
1,1980,189,16042.76,24.6,33.4,-99,-99,0
1,1980,190,16576.43,22.8,36.2,-99,-99,0
1,1980,191,11537.19,24,33.8,-99,-99,0
1,1980,192,19522.7,25.4,35,-99,-99,0.4
1,1980,193,13933.14,21.6,34.2,-99,-99,0
1,1980,194,19776.4,24.4,34.14,-99,-99,0
1,1980,195,20014.06,21.6,36.4,-99,-99,0
1,1980,196,16303.41,24,36.4,-99,-99,0
1,1980,197,19114.05,23.2,35,-99,-99,0
1,1980,198,13418.97,21,35.4,-99,-99,0
1,1980,199,19522.7,23.6,34.8,-99,-99,0
1,1980,200,21665,22.4,36.4,-99,-99,0
1,1980,201,17777.77,21.6,34.6,-99,-99,0
1,1980,202,20378.89,23.8,33.2,-99,-99,0.8
1,1980,203,21358.02,22.4,31.2,-99,-99,1.9
1,1980,204,20014.06,21.8,35,-99,-99,0
1,1980,205,20378.89,25,35.2,-99,-99,0
1,1980,206,20650.67,23.4,35.4,-99,-99,0
1,1980,207,19385.7,23,36.2,-99,-99,0
1,1980,208,20128.75,22,36.8,-99,-99,1.9
1,1980,209,13933.14,23,36.2,-99,-99,0.8
1,1980,210,17098.03,22.6,33.8,-99,-99,0.1
1,1980,211,14476.81,24.2,35,-99,-99,0
1,1980,212,17243.58,24.8,37.8,-99,-99,0
1,1980,213,21843.74,25,35.6,-99,-99,0.4
1,1980,214,19776.4,23,33.6,-99,-99,0
1,1980,215,19238.14,24,36.2,-99,-99,0
1,1980,216,21045.67,23.4,37.2,-99,-99,0
1,1980,217,17650.02,24.2,35.2,-99,-99,51
1,1980,218,18239.86,20.8,31.8,-99,-99,1
1,1980,219,18239.86,24.6,33.6,-99,-99,0
1,1980,220,13933.14,22.8,34.2,-99,-99,0
1,1980,221,15012.12,23.8,31.2,-99,-99,0
1,1980,222,13810.13,23.2,33.2,-99,-99,0
1,1980,223,20128.75,24.2,33.4,-99,-99,0
1,1980,224,16165.71,21.8,35.4,-99,-99,0
1,1980,225,19238.14,22.4,35,-99,-99,0
1,1980,226,23225.25,23,37.6,-99,-99,0
1,1980,227,17933.46,24.8,34.2,-99,-99,0
1,1980,228,10375.78,25.2,35.2,-99,-99,0.1
1,1980,229,20014.06,24.6,34.8,-99,-99,0
1,1980,230,22309.52,23,34.4,-99,-99,8.7
1,1980,231,13305.99,22,27.8,-99,-99,2.2
1,1980,232,19522.7,22.4,33.4,-99,-99,0
1,1980,233,21161.62,23.4,36.54,-99,-99,0
1,1980,234,23084.18,20,33.4,-99,-99,0
1,1980,235,22398.56,21.8,37.37,-99,-99,2
1,1980,236,22122.54,21.4,34.2,-99,-99,0
1,1980,237,21927.88,20.8,36.4,-99,-99,0
1,1980,238,16837.09,22.8,37.4,-99,-99,0
1,1980,239,12865.13,24.6,34.75,-99,-99,0
1,1980,240,16969.98,26,34.4,-99,-99,0.2
1,1980,241,16165.71,24.2,33.8,-99,-99,2
1,1980,242,22859.82,22.4,34.2,-99,-99,0
1,1980,243,21045.67,23.2,34.4,-99,-99,0
1,1980,244,19888.07,22.01,36.8,-99,-99,4
1,1980,245,18700.04,22,34.2,-99,-99,0.2
1,1980,246,17517.26,23.6,35.4,-99,-99,0
1,1980,247,16576.43,24.2,35.2,-99,-99,0
1,1980,248,18099.72,23.6,37,-99,-99,3.5
1,1980,249,18239.86,22.8,34.4,-99,-99,0.9
1,1980,250,19888.07,21.2,36,-99,-99,0
1,1980,251,21560.36,24.6,35,-99,-99,0
1,1980,252,22020.25,24,38.2,-99,-99,0.5
1,1980,253,16165.71,25.2,35.2,-99,-99,0
1,1980,254,20783.6,24.2,34.8,-99,-99,0
1,1980,255,20515.06,21.2,36.2,-99,-99,0
1,1980,256,18099.72,26.2,35.8,-99,-99,0
1,1980,257,22398.56,19.95,37.2,-99,-99,0
1,1980,258,22220.49,27,38.2,-99,-99,0
1,1980,259,14476.81,27,32.8,-99,-99,0
1,1980,260,20014.06,24.2,32,-99,-99,0
1,1980,261,20128.75,22.2,35.6,-99,-99,0
1,1980,262,16969.98,23.8,35.6,-99,-99,31.5
1,1980,263,13542.82,18.6,31,-99,-99,1.4
1,1980,264,20900.92,19.6,34.8,-99,-99,0
1,1980,265,14328.8,22.6,32.6,-99,-99,0.7
1,1980,266,16165.71,19,31.4,-99,-99,0.6
1,1980,267,23323.36,20,36.2,-99,-99,0
1,1980,268,20783.6,20.2,38,-99,-99,0
1,1980,269,16837.09,21.4,34.75,-99,-99,0
1,1980,270,21358.02,21.6,37.2,-99,-99,0
1,1980,271,16693.81,20.4,35,-99,-99,1.6
1,1980,272,11917.3,19.8,30.4,-99,-99,1.8
1,1980,273,10840.82,19.8,32.8,-99,-99,0.1
1,1980,274,13418.97,19.8,31.8,-99,-99,3
1,1980,275,19385.7,20,32.6,-99,-99,0
1,1980,276,23225.25,22.4,35.2,-99,-99,2.2
1,1980,277,22779.42,20.4,33,-99,-99,6.9
1,1980,278,14189.42,18.2,31.2,-99,-99,15.4
1,1980,279,15804.38,19.4,31.8,-99,-99,116.2
1,1980,280,15804.38,17.8,27.2,-99,-99,5.3
1,1980,281,16303.41,19.8,30.4,-99,-99,1.9
1,1980,282,19385.7,19,29.8,-99,-99,11.9
1,1980,283,18562.05,22.8,29.6,-99,-99,10.1
1,1980,284,20128.75,20.72,32.79,-99,-99,4.9
1,1980,285,20783.6,21.92,31.6,-99,-99,34.4
1,1980,286,20900.92,21.58,29.2,-99,-99,0.3
1,1980,287,22309.52,20,32.2,-99,-99,0
1,1980,288,21242.82,22.01,32,-99,-99,0
1,1980,289,21560.36,22.01,32.8,-99,-99,0
1,1980,290,23487.21,21.32,33,-99,-99,5.1
1,1980,291,20515.06,22.21,28.6,-99,-99,18.8
1,1980,292,17517.26,23,27.6,-99,-99,16.3
1,1980,293,19114.05,22.01,31.6,-99,-99,1
1,1980,294,21459.19,21.8,31.8,-99,-99,0
1,1980,295,20650.67,21.32,32.6,-99,-99,0
1,1980,296,20783.6,22.41,33,-99,-99,0
1,1980,297,21560.36,22.8,31.2,-99,-99,5
1,1980,298,15928.8,21.92,33.8,-99,-99,0
1,1980,299,21045.67,21,33.8,-99,-99,2.8
1,1980,300,20900.92,21.58,31,-99,-99,0
1,1980,301,19238.14,21.69,33.6,-99,-99,0
1,1980,302,18384.21,23.2,33.8,-99,-99,9.2
1,1980,303,22309.52,21.6,31.8,-99,-99,0
1,1980,304,20900.92,25.2,29.8,-99,-99,0
1,1980,305,12966.08,24,32,-99,-99,0
1,1980,306,24275.02,19.22,31.2,-99,-99,16.2
1,1980,307,23225.25,21.6,29.4,-99,-99,6.4
1,1980,308,14760.08,23.4,31.8,-99,-99,14.6
1,1980,309,17243.58,20.8,31.2,-99,-99,0.4
1,1980,310,10680.78,23.6,31.6,-99,-99,0.8
1,1980,311,17243.58,23.2,29.4,-99,-99,0
1,1980,312,15263.73,22.6,30.8,-99,-99,0
1,1980,313,15389.84,24,29.8,-99,-99,0
1,1980,314,15389.84,20.8,31.2,-99,-99,0
1,1980,315,19114.05,23.4,31.8,-99,-99,0
1,1980,316,14328.8,23.4,32.8,-99,-99,0
1,1980,317,22398.56,24,29.8,-99,-99,0
1,1980,318,15142.19,23,28.8,-99,-99,2.1
1,1980,319,15389.84,22.8,30.4,-99,-99,0
1,1980,320,16693.81,22.4,31.2,-99,-99,11.5
1,1980,321,14328.8,23.8,30.4,-99,-99,0
1,1980,322,12215.15,22.4,30.4,-99,-99,1.8
1,1980,323,18099.72,23.2,31.8,-99,-99,4.4
1,1980,324,20783.6,23,31.4,-99,-99,0
1,1980,325,12215.15,23,30.4,-99,-99,0.2
1,1980,326,13933.14,22.6,29.2,-99,-99,6.4
1,1980,327,12966.08,22,31,-99,-99,0
1,1980,328,18099.72,21.4,30.8,-99,-99,0.9
1,1980,329,13542.82,23.2,30,-99,-99,0.3
1,1980,330,12533.7,22.6,31.8,-99,-99,5.1
1,1980,331,19238.14,20.8,30,-99,-99,15.8
1,1980,332,17650.02,21.8,29.2,-99,-99,0
1,1980,333,14610.02,23.8,33.4,-99,-99,0
1,1980,334,13676.48,24.8,28.2,-99,-99,4
1,1980,335,16448.11,21.2,30.2,-99,-99,2.2
1,1980,336,15928.8,23.2,31.6,-99,-99,0.3
1,1980,337,21759.59,23,32.2,-99,-99,0.7
1,1980,338,17517.26,24,32,-99,-99,1.3
1,1980,339,18562.05,21.6,30.6,-99,-99,0.7
1,1980,340,22122.54,23,30.8,-99,-99,0
1,1980,341,15928.8,22.8,31,-99,-99,58
1,1980,342,20783.6,20,29.6,-99,-99,10.8
1,1980,343,21242.82,23,26.8,-99,-99,0.6
1,1980,344,19114.05,22,29.8,-99,-99,0
1,1980,345,13810.13,22.4,31.4,-99,-99,0
1,1980,346,20783.6,23,32.4,-99,-99,0
1,1980,347,16448.11,23.8,31.4,-99,-99,12.9
1,1980,348,15529.89,22.2,30.8,-99,-99,24.2
1,1980,349,14610.02,22.2,31.2,-99,-99,0.6
1,1980,350,18980.02,22.8,31,-99,-99,13
1,1980,351,15804.38,22.8,30.2,-99,-99,14.9
1,1980,352,10516.39,22.4,28.6,-99,-99,0
1,1980,353,20014.06,23.6,32,-99,-99,0
1,1980,354,14328.8,23.6,32.4,-99,-99,0
1,1980,355,10178.13,23,32,-99,-99,0.3
1,1980,356,12966.08,22.8,30.2,-99,-99,7.2
1,1980,357,12865.13,22.8,30.6,-99,-99,0
1,1980,358,19651.07,23.8,30.8,-99,-99,1.4
1,1980,359,12142.26,22.6,31.2,-99,-99,0
1,1980,360,16837.09,20.45,30,-99,-99,0.2
1,1980,361,10319.53,22.6,30,-99,-99,0
1,1980,362,10919.67,22.6,31,-99,-99,2.2
1,1980,363,12425.89,21.58,29.46,-99,-99,9.7
1,1980,364,14760.08,22.2,30.2,-99,-99,0.1
1,1980,365,18099.72,21.32,28.6,-99,-99,30.3
1,1980,366,14886.1,22,30.2,-99,-99,0
