-75,3.91,415,0,0
1,1999,1,17306.19,21.6,32.5,-99,-99,6.4
1,1999,2,9892.89,22.8,29.5,-99,-99,19.3
1,1999,3,15768.92,24,31.5,-99,-99,0
1,1999,4,19045.12,24,33.5,-99,-99,0
1,1999,5,17233.92,23.25,32.5,-99,-99,0.2
1,1999,6,23133.34,23,32.5,-99,-99,0
1,1999,7,22763.79,23.35,32.5,-99,-99,0
1,1999,8,17024.19,23,32.5,-99,-99,10.4
1,1999,9,20320.88,23.4,30.5,-99,-99,0
1,1999,10,16799.87,23.8,31.5,-99,-99,8.2
1,1999,11,16425.57,22.21,29.5,-99,-99,0
1,1999,12,15130.16,22.2,30.5,-99,-99,7.8
1,1999,13,18178.79,22.8,30.54,-99,-99,0
1,1999,14,20707.9,22.2,32.5,-99,-99,0
1,1999,15,22583.77,21.8,32.5,-99,-99,0
1,1999,16,18383.62,22,31.5,-99,-99,0
1,1999,17,23439.69,22,32.5,-99,-99,0
1,1999,18,21484.33,21.8,32.5,-99,-99,1.4
1,1999,19,14214.79,22.54,30.5,-99,-99,1.8
1,1999,20,11976.6,22.2,32.5,-99,-99,1
1,1999,21,17985.19,21.35,32.5,-99,-99,0
1,1999,22,16813.09,21.8,32.5,-99,-99,0
1,1999,23,16572.4,22,32.5,-99,-99,0
1,1999,24,10582.67,21.8,28.5,-99,-99,1
1,1999,25,15554.22,22,31.5,-99,-99,0
1,1999,26,13702.34,23,26.94,-99,-99,5.9
1,1999,27,16142.37,22.8,31.5,-99,-99,4.9
1,1999,28,14824.1,22.2,30.5,-99,-99,0
1,1999,29,20910.53,22.5,33.5,-99,-99,0
1,1999,30,22159.07,21,33.5,-99,-99,0
1,1999,31,20709.22,22.8,33.5,-99,-99,12.7
1,1999,32,20066.9,22.8,32.5,-99,-99,37.4
1,1999,33,13865.66,23.2,27.12,-99,-99,7.4
1,1999,34,15518.41,22.27,30.5,-99,-99,3
1,1999,35,17720.06,22.15,27.8,-99,-99,0
1,1999,36,15162.69,21.8,32,-99,-99,0
1,1999,37,22279.79,22.6,32.5,-99,-99,0
1,1999,38,18901.81,22.8,31.5,-99,-99,0
1,1999,39,24541.31,22,31.5,-99,-99,0
1,1999,40,21293,20,35.5,-99,-99,0
1,1999,41,11997.97,21.8,35.5,-99,-99,2.6
1,1999,42,19437.96,23,32.5,-99,-99,0
1,1999,43,21945.85,21.05,33.5,-99,-99,49.6
1,1999,44,16468.26,20.92,31.2,-99,-99,0
1,1999,45,15942.45,22,30.5,-99,-99,63.2
1,1999,46,12927.43,22.34,28.5,-99,-99,1.9
1,1999,47,16961.02,21.8,31.5,-99,-99,5.4
1,1999,48,16293.98,22.6,29.5,-99,-99,6
1,1999,49,11184.74,21.85,29.5,-99,-99,1.2
1,1999,50,19815.75,22.34,31.5,-99,-99,89.5
1,1999,51,11775.72,22,27.5,-99,-99,0
1,1999,52,20985.54,22.73,30.29,-99,-99,6.5
1,1999,53,15854.34,22.6,30.5,-99,-99,0
1,1999,54,17690.82,22.8,30.5,-99,-99,5.4
1,1999,55,13660.72,22.34,29.5,-99,-99,0
1,1999,56,18855.85,21.8,30,-99,-99,0
1,1999,57,22380.69,22.6,33.5,-99,-99,0
1,1999,58,18901.37,23,30,-99,-99,0
1,1999,59,16537.12,23.4,31.5,-99,-99,0
1,1999,60,21332.26,22.73,32.5,-99,-99,0
1,1999,61,21073.4,22.8,33.5,-99,-99,0
1,1999,62,20672.45,23,33.5,-99,-99,4.7
1,1999,63,16044.58,21.6,31,-99,-99,3.8
1,1999,64,23812.51,21.6,32.5,-99,-99,0
1,1999,65,24538.2,22,33.5,-99,-99,0
1,1999,66,24134.56,23.14,33.5,-99,-99,0
1,1999,67,24859.17,22.8,33.5,-99,-99,0
1,1999,68,21485.15,22.4,32.5,-99,-99,21.6
1,1999,69,16975.16,21,32.5,-99,-99,0
1,1999,70,23211.04,21,33.5,-99,-99,0
1,1999,71,15157.41,19.4,33.5,-99,-99,0
1,1999,72,15024.9,21.5,31.5,-99,-99,0.7
1,1999,73,21547.98,21.6,34.5,-99,-99,1
1,1999,74,18723.99,21.6,31.5,-99,-99,36
1,1999,75,19581.75,21.4,29.5,-99,-99,0
1,1999,76,24265.38,21.85,31.5,-99,-99,6.6
1,1999,77,19169.03,22.6,30.5,-99,-99,0
1,1999,78,19315.48,22.8,32.5,-99,-99,0
1,1999,79,21445.48,23.1,33.5,-99,-99,0
1,1999,80,16345.11,23.29,28.73,-99,-99,11.3
1,1999,81,10961.02,22.8,29.5,-99,-99,0
1,1999,82,19891.04,21.8,29.5,-99,-99,53.2
1,1999,83,15781.53,20,32,-99,-99,3.6
1,1999,84,15497.71,22,31.5,-99,-99,6.9
1,1999,85,18328.75,20.67,32,-99,-99,0
1,1999,86,17901.02,20.8,33.5,-99,-99,1
1,1999,87,16340.6,20,33.5,-99,-99,0
1,1999,88,17751.03,22,30.5,-99,-99,0
1,1999,89,23683.23,22,34.5,-99,-99,0
1,1999,90,16891.21,23.82,32.5,-99,-99,0
1,1999,91,17872.87,22.2,33.5,-99,-99,0
1,1999,92,13207.53,22,32.5,-99,-99,0
1,1999,93,17996.41,22.2,34.5,-99,-99,1.5
1,1999,94,15872.49,22,32.5,-99,-99,16.5
1,1999,95,22481.13,22,31.5,-99,-99,0
1,1999,96,24435.21,21.95,33.5,-99,-99,15.9
1,1999,97,18091.41,21.45,33.5,-99,-99,13.5
1,1999,98,16954.37,22,32.5,-99,-99,28.5
1,1999,99,15257.51,22.8,29.5,-99,-99,2.5
1,1999,100,10900.36,21.6,28.5,-99,-99,10.8
1,1999,101,22792.86,21,32.5,-99,-99,0
1,1999,102,20393.5,20,32.5,-99,-99,7.8
1,1999,103,17858.94,21.8,31.5,-99,-99,0
1,1999,104,17701.58,21.8,32.5,-99,-99,0.8
1,1999,105,15314.05,21,32.5,-99,-99,0
1,1999,106,19613.04,20.8,33.5,-99,-99,0
1,1999,107,22093.28,20.09,33.5,-99,-99,0
1,1999,108,18457.68,21.6,34.5,-99,-99,0
1,1999,109,19267.76,21.4,34.5,-99,-99,0
1,1999,110,13567.58,22,30.5,-99,-99,0
1,1999,111,21556.72,20,31.22,-99,-99,0
1,1999,112,23800.47,21,35.5,-99,-99,0
1,1999,113,14345.42,21,33.5,-99,-99,0
1,1999,114,19695.78,21.1,32.5,-99,-99,0
1,1999,115,16919.98,21.2,32.5,-99,-99,3.6
1,1999,116,18132.2,21.8,31.5,-99,-99,126.5
1,1999,117,11529.48,22.6,27,-99,-99,1.5
1,1999,118,11103.77,21.8,29.5,-99,-99,0
1,1999,119,22563.53,20.33,34.5,-99,-99,1.5
1,1999,120,11755.92,20.63,28.5,-99,-99,0
1,1999,121,23586.11,20.67,32.5,-99,-99,0
1,1999,122,19064.4,20,31,-99,-99,0
1,1999,123,17814.47,20.8,30.24,-99,-99,6
1,1999,124,10741.77,21.8,31.6,-99,-99,8.9
1,1999,125,21143.29,22,31.2,-99,-99,4.5
1,1999,126,18544.9,23,30.5,-99,-99,0
1,1999,127,12449.18,21.6,29.5,-99,-99,8.5
1,1999,128,19700.23,20,30.5,-99,-99,0
1,1999,129,12009.79,20,29.5,-99,-99,2
1,1999,130,18969.31,22,31.5,-99,-99,0.8
1,1999,131,13314.53,22.54,28.5,-99,-99,0.5
1,1999,132,19714.25,21.6,31.5,-99,-99,26.4
1,1999,133,10471.8,21.15,25.5,-99,-99,8.6
1,1999,134,18988.32,21,33.5,-99,-99,0
1,1999,135,20557.07,20.36,33.5,-99,-99,0
1,1999,136,23981.27,21,34.5,-99,-99,14.4
1,1999,137,21424.89,20,32.5,-99,-99,2.2
1,1999,138,15300.32,20.09,31.5,-99,-99,0
1,1999,139,20040,20,33.5,-99,-99,0
1,1999,140,14861.26,20,30.5,-99,-99,0
1,1999,141,18005.51,20,33.5,-99,-99,0
1,1999,142,19165.81,20,33.5,-99,-99,0
1,1999,143,22689.69,20,34.5,-99,-99,0
1,1999,144,19376.96,21,33.5,-99,-99,0
1,1999,145,21318.27,21,32.5,-99,-99,0
1,1999,146,20374.37,22,33.5,-99,-99,0
1,1999,147,19825.82,22.5,32.5,-99,-99,0
1,1999,148,17451.08,21.6,31.5,-99,-99,0.9
1,1999,149,18082.62,21,30.41,-99,-99,0
1,1999,150,21709.2,20,34.5,-99,-99,0
1,1999,151,21944.96,18.72,35.5,-99,-99,0
1,1999,152,22570.82,20,31.2,-99,-99,4.5
1,1999,153,20729.61,20.8,32.5,-99,-99,0
1,1999,154,17855.76,20.8,34.5,-99,-99,0
1,1999,155,13563.6,21.2,28.29,-99,-99,21.9
1,1999,156,16139.66,20,30.5,-99,-99,0
1,1999,157,18194.24,20,33.5,-99,-99,0
1,1999,158,23604.53,20,32.5,-99,-99,14.4
1,1999,159,18157.66,21.2,31.5,-99,-99,0.6
1,1999,160,17634.89,20,31.5,-99,-99,0
1,1999,161,19813.26,21,29.5,-99,-99,3.4
1,1999,162,20830.34,21,32.5,-99,-99,0
1,1999,163,10392.79,20.5,26.5,-99,-99,24.4
1,1999,164,16818.22,20.8,30.5,-99,-99,0
1,1999,165,12310.18,20,32.5,-99,-99,1.4
1,1999,166,15002.75,20.46,30.5,-99,-99,0
1,1999,167,16409.2,21.8,31.5,-99,-99,0
1,1999,168,21923.47,21.6,32.5,-99,-99,6.5
1,1999,169,11007.59,22.4,28.5,-99,-99,3
1,1999,170,16649.89,22.8,31.5,-99,-99,3
1,1999,171,15876.52,21,30.5,-99,-99,0
1,1999,172,10102.55,22.2,29.5,-99,-99,0.6
1,1999,173,15615.32,20.09,30.5,-99,-99,0
1,1999,174,10613.41,20,28.5,-99,-99,0.3
1,1999,175,15998.43,20.14,30.5,-99,-99,0
1,1999,176,17281.11,19.29,32.5,-99,-99,39.2
1,1999,177,15743.56,20,30.5,-99,-99,5.8
1,1999,178,16899.83,21,30.5,-99,-99,0
1,1999,179,16389.65,21.2,32,-99,-99,6
1,1999,180,18061.4,21,31.5,-99,-99,0
1,1999,181,22815.43,19.93,32.5,-99,-99,11.3
1,1999,182,11780.64,18.58,27.5,-99,-99,0.4
1,1999,183,16794.37,20,31.5,-99,-99,0
1,1999,184,15773.26,20,29.5,-99,-99,0
1,1999,185,20794.88,19.76,32.46,-99,-99,0
1,1999,186,16817.59,19.02,31.5,-99,-99,0
1,1999,187,19530.05,19.02,33.5,-99,-99,0
1,1999,188,15935.24,19.89,30.5,-99,-99,0.2
1,1999,189,11820.68,19.99,32.5,-99,-99,0
1,1999,190,24211.66,20,34.5,-99,-99,0
1,1999,191,25490.37,18.68,32.5,-99,-99,0
1,1999,192,19855.76,19.44,34.5,-99,-99,0
1,1999,193,22846.09,19.94,35.5,-99,-99,0
1,1999,194,20665.37,20,34.5,-99,-99,0
1,1999,195,22367.98,20.53,35.5,-99,-99,0
1,1999,196,21999.77,20,36.5,-99,-99,0
1,1999,197,20722.83,21.2,34.5,-99,-99,0
1,1999,198,21003.36,20,34.5,-99,-99,0
1,1999,199,22716.23,19.82,34.05,-99,-99,0
1,1999,200,22740.42,20,33.36,-99,-99,0
1,1999,201,14289.43,21.8,33.5,-99,-99,2.2
1,1999,202,23182.51,22.8,35.5,-99,-99,0
1,1999,203,16542.77,20.53,33.5,-99,-99,0
1,1999,204,11064.85,20.14,31.5,-99,-99,0
1,1999,205,21953.89,20,35.5,-99,-99,0
1,1999,206,23817.62,20,35.5,-99,-99,0
1,1999,207,15306.94,20.96,34.5,-99,-99,0
1,1999,208,12694.25,20.6,34.5,-99,-99,0
1,1999,209,20482.55,22,35.5,-99,-99,0
1,1999,210,16419.04,22.6,33.5,-99,-99,0
1,1999,211,21328.05,21.4,35.5,-99,-99,0
1,1999,212,11962.8,21.15,32.5,-99,-99,0
1,1999,213,16879.68,21,34.5,-99,-99,0
1,1999,214,21943.42,18.13,34.5,-99,-99,0
1,1999,215,19714.07,20,35.5,-99,-99,0
1,1999,216,19341.18,19.69,35.5,-99,-99,0
1,1999,217,21232.58,20,35.5,-99,-99,0
1,1999,218,21127.75,21,35.5,-99,-99,6
1,1999,219,13137.49,22.6,32.5,-99,-99,0
1,1999,220,19578.61,20.8,30,-99,-99,1.4
1,1999,221,16253.81,19.02,31.4,-99,-99,0
1,1999,222,22583.87,17.8,35.5,-99,-99,0
1,1999,223,19522.3,20,36.5,-99,-99,0
1,1999,224,15105.43,20.06,34.5,-99,-99,0
1,1999,225,16877.11,20.39,34.5,-99,-99,0
1,1999,226,14873.44,21,33.5,-99,-99,0
1,1999,227,17325.39,20,34.5,-99,-99,0
1,1999,228,21273.25,18.2,34.5,-99,-99,0
1,1999,229,22655.8,16.98,37.5,-99,-99,0
1,1999,230,21996.25,17.35,38.5,-99,-99,0
1,1999,231,22576.06,19.02,34.5,-99,-99,0
1,1999,232,22331.09,20,36.5,-99,-99,0
1,1999,233,19904.04,21.2,37.5,-99,-99,0
1,1999,234,20063.33,21.4,33.5,-99,-99,0
1,1999,235,25278.76,21,38.5,-99,-99,24
1,1999,236,16824.04,22.6,32.5,-99,-99,0
1,1999,237,15197.62,22.6,33.5,-99,-99,24.8
1,1999,238,18641.53,21,31.5,-99,-99,0
1,1999,239,21543.68,22.2,34.5,-99,-99,6.9
1,1999,240,20740.13,21.4,35.5,-99,-99,0
1,1999,241,24613.11,22,36.5,-99,-99,0
1,1999,242,22983.01,21.6,36.5,-99,-99,0
1,1999,243,22038.2,20,34.52,-99,-99,0
1,1999,244,10875.5,20.6,34.5,-99,-99,0
1,1999,245,16824.29,21.8,34.5,-99,-99,0
1,1999,246,17528.12,22,34.2,-99,-99,0
1,1999,247,17263.55,22,34.5,-99,-99,0
1,1999,248,13811.4,20.8,31.5,-99,-99,0
1,1999,249,22138.3,21,35.5,-99,-99,0
1,1999,250,22013.16,22,36.5,-99,-99,0
1,1999,251,17165.82,23,33.5,-99,-99,0
1,1999,252,20647.9,24.71,35.5,-99,-99,0
1,1999,253,14262.04,23,30.5,-99,-99,8.4
1,1999,254,15380.12,21.6,30.5,-99,-99,0.5
1,1999,255,14689.25,21.73,31.5,-99,-99,0.2
1,1999,256,23188.29,22.67,32.5,-99,-99,42.8
1,1999,257,16925.87,23.35,29.5,-99,-99,0.7
1,1999,258,18880.8,23.45,31.5,-99,-99,0.9
1,1999,259,20418.04,21.8,33.5,-99,-99,44.5
1,1999,260,14005.31,19.85,29.5,-99,-99,0
1,1999,261,14842.8,19.18,32.5,-99,-99,0
1,1999,262,15121.82,20.14,32.5,-99,-99,0
1,1999,263,22378.44,21.1,34.5,-99,-99,0
1,1999,264,16794.62,21.6,33.5,-99,-99,0
1,1999,265,17630.12,21.8,32.5,-99,-99,6.6
1,1999,266,17906.47,21.6,32.04,-99,-99,0.3
1,1999,267,18181.97,21.6,31.5,-99,-99,0
1,1999,268,20689.87,23.2,30.5,-99,-99,5.3
1,1999,269,21661.09,22.4,32.5,-99,-99,3.2
1,1999,270,10770.01,22,25.5,-99,-99,32.4
1,1999,271,14391.76,21,29.6,-99,-99,3.2
1,1999,272,14663.71,21.8,29.5,-99,-99,0
1,1999,273,18281.19,21.6,30.5,-99,-99,3.4
1,1999,274,21198.53,22,30.5,-99,-99,3
1,1999,275,14220.49,22,27.5,-99,-99,7.9
1,1999,276,21452.72,21,32.5,-99,-99,1
1,1999,277,18376.69,19.91,30.15,-99,-99,0.3
1,1999,278,21841.74,19.83,33.5,-99,-99,0.7
1,1999,279,21965,20,34.5,-99,-99,16
1,1999,280,25283.15,20.8,30.5,-99,-99,0
1,1999,281,19986.43,20,31.5,-99,-99,0
1,1999,282,20385.54,20.14,34.5,-99,-99,0
1,1999,283,23279.18,20,33.5,-99,-99,0
1,1999,284,18269.89,23,32.5,-99,-99,0.4
1,1999,285,14929.22,21,30.5,-99,-99,1.6
1,1999,286,19892.91,20,30.5,-99,-99,0.6
1,1999,287,15726.11,19.88,32.5,-99,-99,0
1,1999,288,16674.93,20,33.5,-99,-99,0
1,1999,289,15828.21,21.8,32,-99,-99,0
1,1999,290,19254.39,21.8,30,-99,-99,0.7
1,1999,291,16478.47,22.6,32.5,-99,-99,13.4
1,1999,292,22096.01,22.6,30.5,-99,-99,0
1,1999,293,22206.38,22,34.5,-99,-99,0
1,1999,294,22727.52,21.73,31.5,-99,-99,14.7
1,1999,295,20231.75,23,30.5,-99,-99,16.2
1,1999,296,11033.56,23,27.5,-99,-99,8.4
1,1999,297,19494.73,21.6,30.5,-99,-99,14.2
1,1999,298,13459.53,20.46,28.5,-99,-99,4
1,1999,299,21214.6,22.6,30.5,-99,-99,3.5
1,1999,300,18460.82,23.2,31.5,-99,-99,0.6
1,1999,301,14353.16,22.8,30.5,-99,-99,6.3
1,1999,302,22756.26,22.87,30.5,-99,-99,64.2
1,1999,303,10375.49,20.8,25.5,-99,-99,10.5
1,1999,304,21878.46,20,30.5,-99,-99,0.9
1,1999,305,22794.31,21,32.5,-99,-99,0
1,1999,306,23437.18,22.2,32.5,-99,-99,0.6
1,1999,307,13819.73,22.6,30.5,-99,-99,8.5
1,1999,308,22021.31,22.6,32.5,-99,-99,3.2
1,1999,309,22931.46,23.63,32.5,-99,-99,3.8
1,1999,310,21822.58,23.86,32,-99,-99,0
1,1999,311,17628.89,23.4,32,-99,-99,4.4
1,1999,312,18273.1,23.35,30.5,-99,-99,0
1,1999,313,20522.32,23.8,32,-99,-99,9.6
1,1999,314,19690.25,22.67,32,-99,-99,0
1,1999,315,12358.47,20,30.5,-99,-99,0
1,1999,316,17049.74,21,32,-99,-99,0
1,1999,317,18809.75,23,32,-99,-99,0
1,1999,318,22710.65,23.6,32.5,-99,-99,14.2
1,1999,319,12190.41,23,28,-99,-99,3.5
1,1999,320,22632.16,23.2,31.5,-99,-99,0
1,1999,321,15662.64,22.2,31,-99,-99,0
1,1999,322,13249.59,21.35,29,-99,-99,3.5
1,1999,323,15387.5,22.8,29,-99,-99,0.4
1,1999,324,10790.03,22,31,-99,-99,0
1,1999,325,15835.6,20.8,29.5,-99,-99,0
1,1999,326,11206.02,22,30,-99,-99,0
1,1999,327,17506.63,22.2,32,-99,-99,2.8
1,1999,328,18011.59,22,31,-99,-99,2.6
1,1999,329,20616.45,21.6,30.5,-99,-99,0
1,1999,330,22691.99,21.2,31,-99,-99,0
1,1999,331,16772.51,22,32,-99,-99,0
1,1999,332,20812.41,20,32,-99,-99,0
1,1999,333,20661.07,21.8,33,-99,-99,0
1,1999,334,16722.06,22.4,31,-99,-99,31.9
1,1999,335,17750.95,22,29.5,-99,-99,0
1,1999,336,16170.27,22.2,31,-99,-99,2
1,1999,337,15244.45,21.05,31,-99,-99,14.6
1,1999,338,14841.65,22.8,29,-99,-99,0.6
1,1999,339,15351.14,22.67,30.5,-99,-99,0
1,1999,340,20673.07,22.2,31,-99,-99,0.3
1,1999,341,21959.86,23.05,32,-99,-99,0
1,1999,342,22206.92,23.4,32.5,-99,-99,0
1,1999,343,17520.46,22.8,32,-99,-99,0
1,1999,344,18939.63,21.8,34,-99,-99,0
1,1999,345,14390.47,21.1,30.5,-99,-99,1
1,1999,346,19313.31,21.6,31,-99,-99,13.2
1,1999,347,17362.15,23.05,30.5,-99,-99,0
1,1999,348,19690.62,22.67,32.5,-99,-99,10.4
1,1999,349,19167.93,23,30.5,-99,-99,7.9
1,1999,350,17350.67,23.35,30.5,-99,-99,17
1,1999,351,18385.31,23.63,31,-99,-99,25.2
1,1999,352,16052.21,23,30.5,-99,-99,1.9
1,1999,353,21105.22,23.78,31,-99,-99,0
1,1999,354,15664.45,24,31.5,-99,-99,0
1,1999,355,17869.22,23.72,31.6,-99,-99,2.3
1,1999,356,19427.57,23,32,-99,-99,0
1,1999,357,20987.62,23.2,31.45,-99,-99,0
1,1999,358,23068.28,22.67,32,-99,-99,9.3
1,1999,359,19573.72,21.55,30.5,-99,-99,0
1,1999,360,18932.57,20.63,30.5,-99,-99,0
1,1999,361,19070.86,21,31,-99,-99,0
1,1999,362,21418.3,22,30.5,-99,-99,0
1,1999,363,21170.24,22.54,31,-99,-99,0
1,1999,364,22743.37,22,31.5,-99,-99,0
1,1999,365,21457.21,22.05,31.8,-99,-99,0
