-75,3.91,415,0,0
1,2000,1,22904.63,23.6,29.79,-99,-99,0
1,2000,2,23443.13,22.6,31.5,-99,-99,0
1,2000,3,23592.4,22.73,31.03,-99,-99,0
1,2000,4,22438.07,22,32,-99,-99,0
1,2000,5,22588.96,21.67,31.3,-99,-99,0
1,2000,6,13197.91,21.6,30,-99,-99,0
1,2000,7,12688.06,21.73,30.51,-99,-99,1.6
1,2000,8,15321.4,21.2,31.4,-99,-99,0
1,2000,9,22418.78,21.9,30.45,-99,-99,0
1,2000,10,20475.13,22.45,30.46,-99,-99,0
1,2000,11,19710.7,22.6,31.46,-99,-99,1.4
1,2000,12,20655.52,22.8,32,-99,-99,0
1,2000,13,23710.68,22.6,32.33,-99,-99,0
1,2000,14,21744.19,21.8,32,-99,-99,0
1,2000,15,21659.51,22,30.91,-99,-99,0
1,2000,16,16400.53,22,29.88,-99,-99,0
1,2000,17,20659.73,21.6,30.43,-99,-99,0
1,2000,18,17772.76,21.05,31.2,-99,-99,0
1,2000,19,22975.43,19.96,30.97,-99,-99,12
1,2000,20,14635.03,21.35,30,-99,-99,0
1,2000,21,14258.14,21.8,30.45,-99,-99,0
1,2000,22,18945.88,20.8,32.8,-99,-99,35
1,2000,23,24048.02,20.5,30.59,-99,-99,0
1,2000,24,14192.28,20,32,-99,-99,4
1,2000,25,18231.98,21.8,31.9,-99,-99,0
1,2000,26,12763.71,23.2,29.15,-99,-99,35.2
1,2000,27,19365.36,23,31.8,-99,-99,0
1,2000,28,16572.55,23.2,30.53,-99,-99,0
1,2000,29,16734.78,23.2,30,-99,-99,0
1,2000,30,23103.44,22,31,-99,-99,0
1,2000,31,18142,22.6,32.6,-99,-99,32
1,2000,32,10729.42,21.6,30.97,-99,-99,20.6
1,2000,33,20100.27,20.92,29.96,-99,-99,0
1,2000,34,19997.99,20.8,32.4,-99,-99,0
1,2000,35,20711.05,22.2,31.6,-99,-99,0.2
1,2000,36,21698.53,23.05,32.4,-99,-99,3.4
1,2000,37,16006.67,22,32.6,-99,-99,1.4
1,2000,38,24091.86,20,33,-99,-99,35.6
1,2000,39,23310.23,20,33.4,-99,-99,0
1,2000,40,24032.87,21.8,33.36,-99,-99,0
1,2000,41,18857.84,22.6,33,-99,-99,7
1,2000,42,21911.16,21.8,33.2,-99,-99,0
1,2000,43,20569.84,21.8,33.6,-99,-99,0
1,2000,44,24460.6,22,33.6,-99,-99,0
1,2000,45,24636.13,22.8,32.63,-99,-99,0.6
1,2000,46,22600.59,21.6,32.4,-99,-99,0
1,2000,47,22772.91,20,32,-99,-99,0
1,2000,48,18511.02,22,28.61,-99,-99,0
1,2000,49,22423.4,21.8,31.6,-99,-99,0.7
1,2000,50,21621.83,22.6,31.6,-99,-99,0
1,2000,51,25268.91,21.6,32.2,-99,-99,30
1,2000,52,21264.09,22.2,30.03,-99,-99,1.6
1,2000,53,20595.47,23,31.03,-99,-99,79.3
1,2000,54,20203.77,22.2,31.34,-99,-99,1.6
1,2000,55,11144.91,22.21,29.92,-99,-99,0.5
1,2000,56,22074.03,22.2,30.97,-99,-99,0.3
1,2000,57,20279.65,22.4,30.27,-99,-99,12.2
1,2000,58,16798.19,21.9,28.8,-99,-99,1.4
1,2000,59,20045.88,21.6,30,-99,-99,4.2
1,2000,60,18241.64,22.8,29.59,-99,-99,12.1
1,2000,61,17698.78,21,31.8,-99,-99,15.7
1,2000,62,19124.42,22,30,-99,-99,0
1,2000,63,19706.54,22.8,30.59,-99,-99,78.5
1,2000,64,15778.2,22,31.4,-99,-99,23.6
1,2000,65,18190.74,22,30,-99,-99,0
1,2000,66,13971.77,22,31.52,-99,-99,4.8
1,2000,67,23164.3,22,30.43,-99,-99,0
1,2000,68,19789.3,22.8,30.75,-99,-99,0
1,2000,69,22206.81,22.8,31.2,-99,-99,0
1,2000,70,22645.18,22.8,31.4,-99,-99,0
1,2000,71,19120.12,20.8,29.33,-99,-99,0
1,2000,72,21112.82,21.6,32,-99,-99,1.2
1,2000,73,19706.84,22.8,31.34,-99,-99,37.4
1,2000,74,21132.31,21.6,32.4,-99,-99,0.2
1,2000,75,23691.01,21.6,33,-99,-99,2.2
1,2000,76,23981.94,20.53,31.93,-99,-99,0
1,2000,77,18035.11,23,31.32,-99,-99,1.8
1,2000,78,22434,24,30.15,-99,-99,0
1,2000,79,23997.05,23,30.5,-99,-99,1.2
1,2000,80,17479.11,22.6,31.17,-99,-99,0.6
1,2000,81,23150.42,22.2,31.6,-99,-99,21
1,2000,82,15781.22,22.6,30.38,-99,-99,14.4
1,2000,83,14931.39,23,30,-99,-99,2.5
1,2000,84,19464.09,22.4,30.49,-99,-99,0
1,2000,85,10964.78,22.8,28.72,-99,-99,0.5
1,2000,86,17051.62,21.55,30,-99,-99,0
1,2000,87,14642.48,20.8,30.09,-99,-99,32.8
1,2000,88,17185.24,22.8,30.36,-99,-99,0
1,2000,89,19441.97,21.2,31.2,-99,-99,0
1,2000,90,15336.93,21.73,31.4,-99,-99,0
1,2000,91,24086.26,21.8,31.53,-99,-99,0
1,2000,92,22380.46,21,32,-99,-99,0
1,2000,93,20816.88,21.6,30.05,-99,-99,0
1,2000,94,13758.7,20,30.75,-99,-99,0.2
1,2000,95,17412.06,21.95,31.48,-99,-99,14.2
1,2000,96,11913.81,22.8,28.64,-99,-99,10.7
1,2000,97,20199.9,20.77,29.89,-99,-99,0.3
1,2000,98,12741.3,20.8,30,-99,-99,10
1,2000,99,21851.59,20,32,-99,-99,0
1,2000,100,20851.54,21.8,32.6,-99,-99,1.3
1,2000,101,17612.5,22,31.6,-99,-99,16.5
1,2000,102,17596.36,21.8,30.7,-99,-99,17.9
1,2000,103,10874.02,21,30.52,-99,-99,5.2
1,2000,104,17841.12,22.6,31.34,-99,-99,1.6
1,2000,105,19495.03,23.29,30,-99,-99,5.9
1,2000,106,19473.85,23.4,31.58,-99,-99,2
1,2000,107,17783.81,22.6,31.2,-99,-99,45.3
1,2000,108,10821.88,22.5,32,-99,-99,4.5
1,2000,109,24397.67,23,31.9,-99,-99,0
1,2000,110,13152.21,22.8,32,-99,-99,0
1,2000,111,21017.64,21.1,32.23,-99,-99,0
1,2000,112,16572.46,22,31.62,-99,-99,0
1,2000,113,15999.78,22.8,31.71,-99,-99,24.8
1,2000,114,10747.92,22.8,31,-99,-99,4.3
1,2000,115,10734.6,21,31.2,-99,-99,2.5
1,2000,116,17583.22,21,32.2,-99,-99,21.2
1,2000,117,13996.05,21.6,31.8,-99,-99,1.2
1,2000,118,20681.01,21.4,31.6,-99,-99,0
1,2000,119,18192.27,20,31.8,-99,-99,0
1,2000,120,19802.6,21.6,31.42,-99,-99,0
1,2000,121,15007.68,21.4,32,-99,-99,0
1,2000,122,21511.42,21.6,32.4,-99,-99,2.83
1,2000,123,21527.53,22.8,31.41,-99,-99,58
1,2000,124,16026.38,21.8,32.5,-99,-99,5.5
1,2000,125,10591.39,22.4,29.72,-99,-99,0
1,2000,126,23542.06,21,31.2,-99,-99,31.5
1,2000,127,18381.97,21.35,30.94,-99,-99,0
1,2000,128,17007.95,21.73,31.53,-99,-99,0.3
1,2000,129,14025.68,22,30.45,-99,-99,0
1,2000,130,14273.3,20,29.82,-99,-99,0.5
1,2000,131,15993.57,20.53,30.11,-99,-99,0.9
1,2000,132,19714.25,21,29.69,-99,-99,0
1,2000,133,16613.56,20.5,31.43,-99,-99,0
1,2000,134,19788.13,21,31.49,-99,-99,18.5
1,2000,135,14301.95,21.73,31,-99,-99,18.6
1,2000,136,16407.32,21,30.36,-99,-99,0.5
1,2000,137,19832.88,20,30.43,-99,-99,0
1,2000,138,14638.01,21.6,31.76,-99,-99,21.8
1,2000,139,17923.88,20.8,30.47,-99,-99,1
1,2000,140,15257.43,21.8,30.47,-99,-99,0
1,2000,141,11808.1,22.73,31.2,-99,-99,26.5
1,2000,142,17585.82,22,31.2,-99,-99,0.4
1,2000,143,15195.56,21.8,30,-99,-99,4.8
1,2000,144,15832.14,20,30.6,-99,-99,0.3
1,2000,145,15549.55,21.8,30.06,-99,-99,0
1,2000,146,16577.42,20,30.58,-99,-99,0.5
1,2000,147,19564.31,20.11,31.38,-99,-99,0
1,2000,148,19801.63,21,30.94,-99,-99,0
1,2000,149,14561.23,19.62,30.59,-99,-99,0.5
1,2000,150,17019.75,21.1,29.73,-99,-99,0
1,2000,151,10885.79,20.6,31.03,-99,-99,5.5
1,2000,152,14513.38,22,30,-99,-99,0.2
1,2000,153,17354.42,21.15,30,-99,-99,0
1,2000,154,16040.28,20,31.53,-99,-99,0
1,2000,155,18745.35,21.15,31.22,-99,-99,0
1,2000,156,14327.82,20.03,31.03,-99,-99,1
1,2000,157,21555.93,20.63,31.6,-99,-99,0
1,2000,158,20245.83,20.17,31.6,-99,-99,0.4
1,2000,159,19584.24,20.23,30.73,-99,-99,17.3
1,2000,160,13894.79,20,29.07,-99,-99,1
1,2000,161,14142.86,19.04,30.5,-99,-99,0
1,2000,162,21474.25,20,31.12,-99,-99,0
1,2000,163,23005.31,21,31.6,-99,-99,0
1,2000,164,18747.55,20.84,32.2,-99,-99,0.9
1,2000,165,15909.63,21.8,32,-99,-99,14.5
1,2000,166,23482.97,21.35,32,-99,-99,44.8
1,2000,167,15638.61,22.8,31.4,-99,-99,6.5
1,2000,168,15632.79,21.6,31.12,-99,-99,2.2
1,2000,169,14087.7,21,29.48,-99,-99,0
1,2000,170,12031.04,20,31.49,-99,-99,0
1,2000,171,16133.06,19.18,31.44,-99,-99,10.5
1,2000,172,23055.7,20,32.23,-99,-99,0
1,2000,173,17410.58,20,32,-99,-99,0
1,2000,174,14203.69,21,31.26,-99,-99,0
1,2000,175,14587.99,20,30.47,-99,-99,4.6
1,2000,176,14331.89,20.57,31.4,-99,-99,0
1,2000,177,18051.86,20.92,29.33,-99,-99,0.1
1,2000,178,20106.26,20,31.6,-99,-99,0
1,2000,179,18570.46,20,31.6,-99,-99,0
1,2000,180,17804.77,20,32.4,-99,-99,0
1,2000,181,19478.24,20.06,32.6,-99,-99,0
1,2000,182,21410.55,21,33.09,-99,-99,0
1,2000,183,18335.78,20.2,33.13,-99,-99,0
1,2000,184,16287.29,20,32.6,-99,-99,0
1,2000,185,14366.17,20.03,30.42,-99,-99,0
1,2000,186,20548.31,20,30.47,-99,-99,0
1,2000,187,17341.76,19,30.89,-99,-99,0.6
1,2000,188,20443.48,18.43,32,-99,-99,0.7
1,2000,189,17363.23,20,32.77,-99,-99,0
1,2000,190,24211.66,21.1,33.2,-99,-99,0
1,2000,191,21647.74,20.11,34,-99,-99,17.1
1,2000,192,17400.94,19.02,34.2,-99,-99,0
1,2000,193,19354.63,20,31.44,-99,-99,0
1,2000,194,15229.24,20,31.58,-99,-99,0
1,2000,195,16797.12,20,31.48,-99,-99,0.5
1,2000,196,16034.32,20.39,30.75,-99,-99,0
1,2000,197,12284.71,20,32.55,-99,-99,0
1,2000,198,22692.78,20.8,32.6,-99,-99,0
1,2000,199,14780.22,21.4,33,-99,-99,0
1,2000,200,20786.72,22,33.58,-99,-99,0
1,2000,201,21070.13,23.05,29.79,-99,-99,0
1,2000,202,16002.04,21,32,-99,-99,16
1,2000,203,12621.35,20.46,32.4,-99,-99,88.7
1,2000,204,18917.51,21.8,32.6,-99,-99,1.6
1,2000,205,21691.8,20,34.31,-99,-99,0
1,2000,206,16075.91,19.06,32.6,-99,-99,0
1,2000,207,17409.17,20,31.2,-99,-99,0
1,2000,208,16114.97,19.22,31,-99,-99,0
1,2000,209,12709.56,19.65,31.8,-99,-99,0
1,2000,210,17474.47,19.85,32.5,-99,-99,0.4
1,2000,211,22252.83,20,32,-99,-99,0
1,2000,212,17519.35,20,33.6,-99,-99,0
1,2000,213,22841.61,19.47,33.55,-99,-99,0
1,2000,214,14115.45,20,32.8,-99,-99,0
1,2000,215,17322.42,20,34.2,-99,-99,5.9
1,2000,216,11490.53,20,33.58,-99,-99,2.5
1,2000,217,17501.42,20,32.6,-99,-99,0
1,2000,218,19259.45,20,34.2,-99,-99,0
1,2000,219,21690.8,20.11,34,-99,-99,0
1,2000,220,19444.77,20,33.2,-99,-99,0
1,2000,221,23491.78,21,33.41,-99,-99,0
1,2000,222,16409.2,20,33,-99,-99,0.3
1,2000,223,19119.02,20,32.53,-99,-99,1.2
1,2000,224,23048.09,20,33.4,-99,-99,0
1,2000,225,22943.79,19.06,33,-99,-99,0
1,2000,226,22838.89,18.43,33.4,-99,-99,0
1,2000,227,25437.32,20,34.53,-99,-99,0
1,2000,228,18159.31,20.2,34.91,-99,-99,0
1,2000,229,20215.42,21.6,33.41,-99,-99,0.2
1,2000,230,22684.1,19.55,34.6,-99,-99,0
1,2000,231,21760.38,20.2,35,-99,-99,0
1,2000,232,23964.63,20,35.25,-99,-99,0
1,2000,233,18404.67,20,35.11,-99,-99,0
1,2000,234,21701.13,21.8,35.38,-99,-99,0
1,2000,235,19129.25,22,35.09,-99,-99,0
1,2000,236,22707.53,22.6,35.46,-99,-99,0
1,2000,237,23554.11,23.2,35.53,-99,-99,0
1,2000,238,17681.45,22,32.4,-99,-99,0
1,2000,239,21543.68,20,35.67,-99,-99,0
1,2000,240,17715.84,21.55,34.6,-99,-99,0
1,2000,241,21447.89,22,34.2,-99,-99,0.3
1,2000,242,12788.43,21,35.43,-99,-99,0
1,2000,243,21900.3,22.6,35.34,-99,-99,2.5
1,2000,244,16535.25,22.2,33,-99,-99,0
1,2000,245,19035.09,21.6,34.5,-99,-99,0
1,2000,246,22506.98,22.8,35.58,-99,-99,0.1
1,2000,247,18924.63,22.8,34.23,-99,-99,6.4
1,2000,248,10763.53,22.67,31.4,-99,-99,4.6
1,2000,249,11600.87,20,34.2,-99,-99,0
1,2000,250,21319.38,22,34.6,-99,-99,3.4
1,2000,251,23136.58,23.14,33.2,-99,-99,0
1,2000,252,22593.17,23,34.96,-99,-99,0.4
1,2000,253,18016.01,22.8,34.89,-99,-99,5.5
1,2000,254,13432.47,23,33.4,-99,-99,0.4
1,2000,255,17612.3,21.6,33.4,-99,-99,1.6
1,2000,256,22491.98,20.06,35.23,-99,-99,0
1,2000,257,19712.37,21.1,35,-99,-99,25.9
1,2000,258,18602.04,21.6,35.21,-99,-99,0
1,2000,259,15816.82,22.2,34.2,-99,-99,0
1,2000,260,16097.42,20,33.41,-99,-99,0
1,2000,261,12750.14,19.02,33.4,-99,-99,0
1,2000,262,17354.48,20,34.5,-99,-99,0
1,2000,263,19447.59,21.4,34.52,-99,-99,1.2
1,2000,264,11826.21,22.6,34.2,-99,-99,0
1,2000,265,22236.63,23,34.2,-99,-99,16.2
1,2000,266,16650.12,21.4,33.4,-99,-99,0
1,2000,267,16506.87,21.8,32.4,-99,-99,3.6
1,2000,268,15944.11,22.4,32,-99,-99,0.7
1,2000,269,23056.74,21.8,33,-99,-99,14.8
1,2000,270,15793.5,20,33.13,-99,-99,1.2
1,2000,271,16763.45,21.8,31,-99,-99,17.9
1,2000,272,20382.18,20,32.5,-99,-99,0
1,2000,273,18699.49,21.6,32,-99,-99,6
1,2000,274,12417.42,22,32.53,-99,-99,0.5
1,2000,275,20288.76,21,33.6,-99,-99,0.2
1,2000,276,12400.5,21.8,32.44,-99,-99,0
1,2000,277,21717.41,20,32.6,-99,-99,4.2
1,2000,278,22676.48,21.6,33.58,-99,-99,1.2
1,2000,279,18071.82,20,34.02,-99,-99,5
1,2000,280,23615.68,19.05,34.2,-99,-99,0
1,2000,281,18875.52,18.08,34.2,-99,-99,0
1,2000,282,19136.64,21.5,33.55,-99,-99,0
1,2000,283,15375.39,22.4,32.83,-99,-99,0
1,2000,284,22287.97,22,33.74,-99,-99,0
1,2000,285,17698.03,21.4,34.59,-99,-99,0
1,2000,286,19616.26,22,33,-99,-99,0
1,2000,287,16278.9,22.6,34.5,-99,-99,0
1,2000,288,15570.37,22,34.34,-99,-99,0
1,2000,289,19276.61,21.8,34.5,-99,-99,0
1,2000,290,22285.96,22,33.6,-99,-99,0
1,2000,291,23911.94,23,34.68,-99,-99,0
1,2000,292,22508.54,22,34.2,-99,-99,0
1,2000,293,18772.35,21.8,35,-99,-99,0
1,2000,294,16827.58,23.96,33.52,-99,-99,3.5
1,2000,295,13105.08,21.4,34.2,-99,-99,5.8
1,2000,296,16630.6,23,33.64,-99,-99,0.8
1,2000,297,20731.03,23,34.6,-99,-99,31.5
1,2000,298,15234.84,24.4,33,-99,-99,10.3
1,2000,299,18077.54,23,31.49,-99,-99,3.7
1,2000,300,12330.79,23.63,31.67,-99,-99,5.7
1,2000,301,16666.01,22.8,33,-99,-99,0
1,2000,302,18951.77,24.01,33.75,-99,-99,0
1,2000,303,16481.91,22.93,35.24,-99,-99,52.8
1,2000,304,11578.93,22.6,34.5,-99,-99,3.9
1,2000,305,19410.79,24.3,32.2,-99,-99,2.9
1,2000,306,15327.56,23.38,31.62,-99,-99,3
1,2000,307,11525.08,22.87,32.6,-99,-99,0.4
1,2000,308,20673.34,22.8,33.57,-99,-99,0
1,2000,309,21181.45,23.8,31.67,-99,-99,0
1,2000,310,18596.17,23.4,34.2,-99,-99,0
1,2000,311,21656.45,23.93,32.4,-99,-99,0
1,2000,312,21758.94,23.25,33,-99,-99,0
1,2000,313,21057.88,23,32.4,-99,-99,0
1,2000,314,23033,22.54,34.2,-99,-99,0
1,2000,315,23133.55,23.75,33.4,-99,-99,0
1,2000,316,16966.38,23.4,32.46,-99,-99,0
1,2000,317,21203.61,21.6,34.82,-99,-99,0
1,2000,318,20109.82,22.4,34,-99,-99,0
1,2000,319,20081.81,23.05,32.63,-99,-99,0
1,2000,320,21911.48,22,33.2,-99,-99,0.2
1,2000,321,17112.08,24,32.58,-99,-99,0
1,2000,322,15500.99,21.8,31.3,-99,-99,11.6
1,2000,323,14026.36,21.05,31.4,-99,-99,0
1,2000,324,19288.27,21.8,32.2,-99,-99,52.2
1,2000,325,19395.75,23,32.6,-99,-99,0
1,2000,326,20425.45,21.8,33.4,-99,-99,3.4
1,2000,327,11849.61,21.73,32.6,-99,-99,0
1,2000,328,20245.65,21,32.6,-99,-99,0
1,2000,329,20091.35,21.8,32,-99,-99,0
1,2000,330,14299,20.5,33.57,-99,-99,0
1,2000,331,15331.41,21.2,34,-99,-99,0
1,2000,332,14399.1,21.6,33.2,-99,-99,0
1,2000,333,12030.73,21,33.78,-99,-99,2.5
1,2000,334,16852.71,22.2,34.46,-99,-99,0
1,2000,335,23102.92,20,34.6,-99,-99,0
1,2000,336,18257.16,20,34.56,-99,-99,0.2
1,2000,337,15765.77,21.2,33.69,-99,-99,0
1,2000,338,23437.21,21.8,35.34,-99,-99,0
1,2000,339,16782.76,23.8,33.4,-99,-99,0
1,2000,340,14690.12,24,32.94,-99,-99,0
1,2000,341,12080.82,24.16,33.2,-99,-99,0.9
1,2000,342,13892.27,23.38,34.12,-99,-99,0
1,2000,343,9989.05,24.55,35.55,-99,-99,0
1,2000,344,19069.43,23.2,35.53,-99,-99,0
1,2000,345,18931.43,22.67,35.6,-99,-99,0
1,2000,346,19832.1,23,35.61,-99,-99,0
1,2000,347,19955.29,23,34.2,-99,-99,0
1,2000,348,17875.87,23,35.62,-99,-99,1.8
1,2000,349,17483.14,21.8,35.4,-99,-99,0
1,2000,350,20590.18,22.8,34.5,-99,-99,0
1,2000,351,18255.74,23.4,34,-99,-99,0
1,2000,352,11647.09,22.8,33,-99,-99,0.5
1,2000,353,11906.19,22.4,33.2,-99,-99,0
1,2000,354,11129.43,23.34,31.62,-99,-99,1.7
1,2000,355,14240.79,21.73,32.6,-99,-99,0
1,2000,356,21890.14,21,34.6,-99,-99,0
1,2000,357,19561.61,20,35.4,-99,-99,0
1,2000,358,17233.01,21.6,34.2,-99,-99,0
1,2000,359,19184.57,22.2,33.2,-99,-99,0.5
1,2000,360,15948.01,20.96,34.53,-99,-99,0
1,2000,361,20239.24,22,34,-99,-99,0
1,2000,362,12586.35,23,33.6,-99,-99,2.4
1,2000,363,15322.46,22.5,33,-99,-99,46.5
1,2000,364,11821.19,23,29.96,-99,-99,4.7
1,2000,365,15342.15,21.8,33.4,-99,-99,0
1,2000,366,20170.47,20,34.6,-99,-99,0
