-75,3.91,415,0,0
1,2018,1,16544.48,22.73,28.64,-99,-99,6.36
1,2018,2,19630.35,22.6,30.83,-99,-99,2.92
1,2018,3,19938.65,21.8,31.05,-99,-99,0.69
1,2018,4,23092.81,22.8,30.52,-99,-99,6.34
1,2018,5,21527.53,23,30.51,-99,-99,3.85
1,2018,6,17843.86,22.6,30,-99,-99,4.8
1,2018,7,19630.35,22.21,30.56,-99,-99,0.66
1,2018,8,21146.43,22.8,30.63,-99,-99,3.52
1,2018,9,17942.5,22,29.71,-99,-99,17.76
1,2018,10,22269.2,21.8,30,-99,-99,7.79
1,2018,11,21285.3,23,30.22,-99,-99,6.33
1,2018,12,13353.91,21.3,30.03,-99,-99,2.72
1,2018,13,18260.56,22.6,29.73,-99,-99,2.06
1,2018,14,18712.32,22.73,27.17,-99,-99,5.95
1,2018,15,15155.84,22,29.33,-99,-99,6.38
1,2018,16,16760.97,22.05,30.75,-99,-99,8.82
1,2018,17,13145.27,22,29.61,-99,-99,3.2
1,2018,18,16806.71,20,30,-99,-99,5.29
1,2018,19,21002.91,21.8,31.62,-99,-99,0.37
1,2018,20,19949.39,21.6,32,-99,-99,0.48
1,2018,21,20666.77,20.8,32.12,-99,-99,0.09
1,2018,22,21028.53,20.8,32,-99,-99,0
1,2018,23,22419.09,20.67,31.4,-99,-99,0
1,2018,24,24247.29,21,32.6,-99,-99,0
1,2018,25,20570.54,20,33,-99,-99,0
1,2018,26,20074.41,21.95,33,-99,-99,0
1,2018,27,20731.03,22.6,32.5,-99,-99,1.32
1,2018,28,14196.92,23.4,32.2,-99,-99,1.36
1,2018,29,23618.61,21.6,34,-99,-99,0.06
1,2018,30,14897.47,23.6,34.15,-99,-99,0.05
1,2018,31,23229.71,24.14,34.2,-99,-99,1.19
1,2018,32,22293.6,23.6,34.42,-99,-99,0.44
1,2018,33,23481.43,24.7,32.8,-99,-99,3.83
1,2018,34,11757.85,24.2,29.71,-99,-99,11.23
1,2018,35,22358.01,22.8,33.4,-99,-99,1.28
1,2018,36,19832.94,24.78,32,-99,-99,0
1,2018,37,13145.27,24.02,32.33,-99,-99,0.4
1,2018,38,12548.43,23.4,34.2,-99,-99,0.18
1,2018,39,21557.59,23.9,33.2,-99,-99,1.07
1,2018,40,17151.79,23.29,33.5,-99,-99,3.52
1,2018,41,21969.76,23.6,34,-99,-99,1.61
1,2018,42,23010.83,23.86,34,-99,-99,1.17
1,2018,43,22684.48,24,33.6,-99,-99,1.65
1,2018,44,13815.29,23.4,33.2,-99,-99,1.49
1,2018,45,16630.6,22.8,32.63,-99,-99,2.56
1,2018,46,17570.85,22.6,33.38,-99,-99,2.62
1,2018,47,21028.53,23,33.09,-99,-99,0.43
1,2018,48,17049.74,22.4,33.6,-99,-99,3.14
1,2018,49,14443.28,24.16,30.29,-99,-99,24.56
1,2018,50,13959.75,23.4,31,-99,-99,25.13
1,2018,51,18769.33,23.29,30.09,-99,-99,11.78
1,2018,52,16630.6,22.8,31.36,-99,-99,17.58
1,2018,53,11894.57,22.8,31.4,-99,-99,3.23
1,2018,54,18675.09,22.73,31,-99,-99,2.25
1,2018,55,13554.94,22.2,31.4,-99,-99,1.47
1,2018,56,18973.13,21.6,31,-99,-99,0.83
1,2018,57,21146.43,20.8,32.8,-99,-99,0.05
1,2018,58,24365.7,22,33.27,-99,-99,0.01
1,2018,59,22921.48,22.8,34,-99,-99,0.04
1,2018,60,16717.51,23.5,31.4,-99,-99,5.28
1,2018,61,10697.71,23.14,32,-99,-99,5
1,2018,62,17487.39,23.1,32,-99,-99,1.73
1,2018,63,17622.93,23.4,32.8,-99,-99,0.17
1,2018,64,11383.47,23.85,32.04,-99,-99,5.13
1,2018,65,13145.27,23.14,32,-99,-99,7.98
1,2018,66,14443.28,22.8,33.6,-99,-99,0.64
1,2018,67,23607.64,22.8,34.42,-99,-99,1.51
1,2018,68,25074.57,22.34,34.98,-99,-99,0.04
1,2018,69,24088.96,22.6,35,-99,-99,0
1,2018,70,24852.8,22.45,35.59,-99,-99,0
1,2018,71,24741.92,23.45,35.46,-99,-99,0.01
1,2018,72,25448.79,23.4,33.77,-99,-99,0.01
1,2018,73,24629.49,23.8,36.42,-99,-99,0.08
1,2018,74,22393.53,24.72,33.6,-99,-99,2.24
1,2018,75,19250.71,24.82,33,-99,-99,1.56
1,2018,76,22577.6,23.2,35.96,-99,-99,0.11
1,2018,77,23776.28,25.09,31.2,-99,-99,1.61
1,2018,78,17107.38,24.37,30.48,-99,-99,8.21
1,2018,79,19285.89,22.8,32.91,-99,-99,12.14
1,2018,80,22342.41,23,33.77,-99,-99,1.25
1,2018,81,19907.92,23.35,32.57,-99,-99,10.36
1,2018,82,20911.32,23.98,32.5,-99,-99,12.55
1,2018,83,18781.65,24.41,30.97,-99,-99,11.82
1,2018,84,22342.41,22.8,33.2,-99,-99,2.69
1,2018,85,21186.86,22,33.22,-99,-99,1.44
1,2018,86,16992.1,23.91,31.6,-99,-99,1.94
1,2018,87,10340.88,23.96,32,-99,-99,4.48
1,2018,88,10353.69,22.8,31.6,-99,-99,2.12
1,2018,89,18525.97,22,33.4,-99,-99,3.67
1,2018,90,20538.56,23.1,31.45,-99,-99,9.31
1,2018,91,14339.84,24,30.57,-99,-99,6.06
1,2018,92,11000.48,23.35,30.5,-99,-99,7.67
1,2018,93,16717.51,23,30.53,-99,-99,11.41
1,2018,94,11962.93,22.8,31.2,-99,-99,10.63
1,2018,95,16436.13,23.77,31.2,-99,-99,14.79
1,2018,96,12850.78,23,28.31,-99,-99,8.96
1,2018,97,21146.43,21.8,31.44,-99,-99,1.84
1,2018,98,21890.29,23,30,-99,-99,0.65
1,2018,99,20658.72,23,31.1,-99,-99,3.85
1,2018,100,17891.1,23.2,30.06,-99,-99,21.85
1,2018,101,14443.28,22.6,31.6,-99,-99,9.29
1,2018,102,14007.13,22,31,-99,-99,11.13
1,2018,103,20762.38,22.2,31.05,-99,-99,13.25
1,2018,104,15746.09,22.6,28.11,-99,-99,17.82
1,2018,105,16544.48,21.6,32,-99,-99,4.5
1,2018,106,24088.96,21.6,31.57,-99,-99,7.61
1,2018,107,17942.5,22.8,31.45,-99,-99,9.79
1,2018,108,16717.51,22.4,31.8,-99,-99,2.73
1,2018,109,14149.27,21.8,31.4,-99,-99,1.55
1,2018,110,10961.1,21,31.2,-99,-99,0.11
1,2018,111,13249.59,21.6,32.4,-99,-99,0.21
1,2018,112,15884.74,22.6,31,-99,-99,1.55
1,2018,113,21644.29,21,31.45,-99,-99,1.02
1,2018,114,23050.07,21.15,32.4,-99,-99,0.59
1,2018,115,22506.38,21.8,32.4,-99,-99,12.86
1,2018,116,18260.56,23,31.4,-99,-99,4.74
1,2018,117,17049.74,22.6,30.42,-99,-99,2.77
1,2018,118,18712.32,22.6,32.46,-99,-99,1.05
1,2018,119,9976.31,22.4,30,-99,-99,1.96
1,2018,120,21318.11,21.6,30.46,-99,-99,1.02
1,2018,121,18525.97,21,32.6,-99,-99,3.97
1,2018,122,23178.29,21.8,32.86,-99,-99,0.4
1,2018,123,22495.77,22.6,32.8,-99,-99,4.81
1,2018,124,12105.1,22.67,32.6,-99,-99,4.86
1,2018,125,20506.58,22.8,32.33,-99,-99,6.2
1,2018,126,15155.84,23.2,32,-99,-99,11.35
1,2018,127,13959.75,22.8,30.53,-99,-99,17.07
1,2018,128,13353.91,22.8,31.6,-99,-99,5.37
1,2018,129,21744.19,23.5,30.31,-99,-99,12.14
1,2018,130,15703.54,21.4,32.4,-99,-99,3.79
1,2018,131,21578.38,22.8,32.33,-99,-99,3.43
1,2018,132,20991.48,22,32.4,-99,-99,4.96
1,2018,133,18973.13,23,30.6,-99,-99,7.69
1,2018,134,21409.4,22.8,32,-99,-99,31.77
1,2018,135,22833.3,23.4,29.52,-99,-99,13.6
1,2018,136,24041.47,22,31,-99,-99,4.16
1,2018,137,20793.74,20.11,31.6,-99,-99,3.95
1,2018,138,11723.67,21.85,32,-99,-99,3.96
1,2018,139,22106.1,22.93,31,-99,-99,5.09
1,2018,140,18358.74,21.8,31.2,-99,-99,15.93
1,2018,141,14292.2,20,30.56,-99,-99,4.61
1,2018,142,20032.63,21,31.4,-99,-99,5.78
1,2018,143,11654.92,21.6,31.2,-99,-99,6.04
1,2018,144,14007.13,20,31.08,-99,-99,2.62
1,2018,145,21146.43,22.2,30.29,-99,-99,1.69
1,2018,146,19866.45,21.25,30.47,-99,-99,0.85
1,2018,147,20866.31,21.95,31.4,-99,-99,18.44
1,2018,148,15155.84,22.21,31.2,-99,-99,2.98
1,2018,149,23071.44,20.8,31.8,-99,-99,5.15
1,2018,150,21527.53,22.8,32.4,-99,-99,4.16
1,2018,151,22106.1,22.6,31.3,-99,-99,2.26
1,2018,152,12133.54,22,31.6,-99,-99,6.37
1,2018,153,21615.1,20.8,32,-99,-99,5.22
1,2018,154,21815.09,20.8,30.33,-99,-99,5.74
1,2018,155,14862.05,20,31.4,-99,-99,4.15
1,2018,156,15580.84,21,30.56,-99,-99,6.98
1,2018,157,18883.11,19.92,31.65,-99,-99,3.77
1,2018,158,21710.89,21,32.6,-99,-99,0.5
1,2018,159,20074.41,21.67,33,-99,-99,0.99
1,2018,160,19412.79,22,31.76,-99,-99,1.88
1,2018,161,19799.42,22.6,31.5,-99,-99,11.76
1,2018,162,20868.2,21.73,31.47,-99,-99,13.64
1,2018,163,22568.06,20.6,32.6,-99,-99,0.53
1,2018,164,12548.43,20.8,31.6,-99,-99,0.45
1,2018,165,18637.87,21.6,31.4,-99,-99,1.25
1,2018,166,16348.64,20,31.6,-99,-99,1.11
1,2018,167,20666.77,20,32.16,-99,-99,0.68
1,2018,168,21615.1,20.84,31.08,-99,-99,1.41
1,2018,169,13011.62,20.92,32.8,-99,-99,0.12
1,2018,170,19907.92,20,32,-99,-99,0.1
1,2018,171,18973.13,20,31.8,-99,-99,0.91
1,2018,172,16490.3,20,32,-99,-99,0.63
1,2018,173,20911.32,20.09,33,-99,-99,2.16
1,2018,174,18525.97,21.8,32.6,-99,-99,4.66
1,2018,175,18973.13,21.2,31.4,-99,-99,3.52
1,2018,176,17570.85,20,32.8,-99,-99,0.73
1,2018,177,11295.18,20,30.36,-99,-99,2.07
1,2018,178,21996.25,19.05,32.5,-99,-99,8.85
1,2018,179,22026.76,20.88,32,-99,-99,6.52
1,2018,180,19370.49,20.11,32.6,-99,-99,1.73
1,2018,181,11148.04,21.67,32,-99,-99,4.37
1,2018,182,19488.35,19.82,32.4,-99,-99,1.61
1,2018,183,22217.06,20.88,34,-99,-99,1.63
1,2018,184,16898.19,21.25,32.55,-99,-99,1.34
1,2018,185,21585.91,20.8,33.2,-99,-99,0.72
1,2018,186,18045.31,21.6,33.41,-99,-99,0.44
1,2018,187,12814.92,21,32.8,-99,-99,0.94
1,2018,188,14702.02,20.8,33.2,-99,-99,1.02
1,2018,189,19215.52,20,33.4,-99,-99,1.79
1,2018,190,13709.92,21.8,31.22,-99,-99,0.55
1,2018,191,18919.79,21.55,32.4,-99,-99,3.25
1,2018,192,20374.99,20,33,-99,-99,4.02
1,2018,193,19949.39,20.39,33.6,-99,-99,1.1
1,2018,194,13406.07,21.1,33.6,-99,-99,0.37
1,2018,195,23419.02,20.8,34,-99,-99,0.35
1,2018,196,14196.92,21,33.6,-99,-99,0.8
1,2018,197,19593.75,20.63,34.5,-99,-99,0.62
1,2018,198,18525.97,23,30,-99,-99,6.33
1,2018,199,19171.25,21,34.5,-99,-99,1.29
1,2018,200,19450.57,20,34.6,-99,-99,0.1
1,2018,201,20374.99,21.8,34.2,-99,-99,3.81
1,2018,202,18260.56,22,33.46,-99,-99,17.47
1,2018,203,16163.78,20.8,32.4,-99,-99,2.36
1,2018,204,20954.44,20.8,34.2,-99,-99,2.11
1,2018,205,10154.17,22.4,32.12,-99,-99,8.41
1,2018,206,22658.32,21.1,33.18,-99,-99,1.03
1,2018,207,18312.46,22.8,32.5,-99,-99,1.39
1,2018,208,16717.51,20.8,32.73,-99,-99,4.64
1,2018,209,21585.91,20.67,32,-99,-99,0.75
1,2018,210,20634.64,21.6,33.75,-99,-99,5.54
1,2018,211,21739.73,22.6,32.6,-99,-99,19.99
1,2018,212,12886.65,21.8,31.83,-99,-99,4.15
1,2018,213,21219.67,21.6,31.12,-99,-99,3.75
1,2018,214,21527.53,19.91,33.36,-99,-99,1.62
1,2018,215,21252.48,20,33.73,-99,-99,4.26
1,2018,216,18106.66,21.2,32,-99,-99,25.79
1,2018,217,20032.63,20,32.4,-99,-99,1.86
1,2018,218,21677.59,19.69,33.71,-99,-99,0
1,2018,219,10863.88,20,33.4,-99,-99,0.48
1,2018,220,19370.49,21.73,33.13,-99,-99,0.25
1,2018,221,13145.27,20.63,33.2,-99,-99,0.58
1,2018,222,15111.37,19.33,33,-99,-99,0.21
1,2018,223,23204,19.86,33.73,-99,-99,0.34
1,2018,224,15518.35,19.06,33.2,-99,-99,0.09
1,2018,225,19215.52,20,34.2,-99,-99,1.08
1,2018,226,11928.75,22,33.64,-99,-99,6.58
1,2018,227,22955.02,22.2,33.47,-99,-99,1.64
1,2018,228,24963.69,20,34.73,-99,-99,0.88
1,2018,229,16490.3,21.6,34.2,-99,-99,1.58
1,2018,230,20032.63,20.09,33.6,-99,-99,0.99
1,2018,231,17240.6,21.2,35,-99,-99,0.15
1,2018,232,20698.9,20,33.41,-99,-99,13.78
1,2018,233,16587.54,20,32.8,-99,-99,1.68
1,2018,234,22470.21,20,33.6,-99,-99,0.32
1,2018,235,22809.86,20,34.2,-99,-99,1.78
1,2018,236,22975.09,21.1,35.4,-99,-99,0.56
1,2018,237,19412.79,21.4,34.91,-99,-99,0.21
1,2018,238,15292.36,21.4,33.64,-99,-99,1.86
1,2018,239,12019.8,18.77,34.2,-99,-99,1.12
1,2018,240,14702.02,20.06,34.29,-99,-99,0.43
1,2018,241,17347.73,22,34.5,-99,-99,0.3
1,2018,242,19370.49,22.15,34.5,-99,-99,0.66
1,2018,243,24441.97,21.8,35.47,-99,-99,0.21
1,2018,244,22523.05,23,36.14,-99,-99,0.16
1,2018,245,22269.2,23.4,34.87,-99,-99,0.83
1,2018,246,20954.44,22.05,35.59,-99,-99,2.38
1,2018,247,19523.49,21.8,33.4,-99,-99,1.03
1,2018,248,15200.31,20.8,34.57,-99,-99,0.61
1,2018,249,15155.84,21,35.4,-99,-99,1.76
1,2018,250,21556.72,22.5,35.62,-99,-99,1.16
1,2018,251,20145.11,22.2,35.64,-99,-99,0.73
1,2018,252,19250.71,22,35.64,-99,-99,0.14
1,2018,253,18525.97,21.8,37.4,-99,-99,0.12
1,2018,254,14808.71,23.4,35.4,-99,-99,1.05
1,2018,255,23050.07,23.4,36.09,-99,-99,8.09
1,2018,256,14546.58,24.5,32.8,-99,-99,13.24
1,2018,257,18157.66,24,32,-99,-99,16.48
1,2018,258,17942.5,23.4,28.51,-99,-99,15.85
1,2018,259,23448.57,21.8,33.4,-99,-99,6.2
1,2018,260,25504.23,21,35.4,-99,-99,2.69
1,2018,261,23396.36,20.7,35.44,-99,-99,1.73
1,2018,262,23071.44,21,35.08,-99,-99,0.56
1,2018,263,24512.25,22.2,35.98,-99,-99,0
1,2018,264,23848.84,21.8,34.4,-99,-99,0.13
1,2018,265,19751.48,22.8,34.6,-99,-99,0.15
1,2018,266,19123.2,22,35.65,-99,-99,0.01
1,2018,267,16490.3,22.15,35.4,-99,-99,0.23
1,2018,268,19666.94,20.17,34.52,-99,-99,0.49
1,2018,269,18358.74,20,35.44,-99,-99,2.57
1,2018,270,16674.05,21.8,34.2,-99,-99,10.55
1,2018,271,22444.65,22.6,34.2,-99,-99,10.1
1,2018,272,22921.48,22,35.22,-99,-99,1.7
1,2018,273,23523.96,22.21,36.14,-99,-99,4.17
1,2018,274,23656.47,23.96,35.54,-99,-99,3.55
1,2018,275,22993.55,22.2,33.2,-99,-99,0.51
1,2018,276,20666.77,22.1,34,-99,-99,10.47
1,2018,277,23776.28,21.8,34.5,-99,-99,3.11
1,2018,278,18260.56,23.2,33.52,-99,-99,17.58
1,2018,279,13406.07,23,31.8,-99,-99,17.49
1,2018,280,22710.65,23.38,31.83,-99,-99,5.86
1,2018,281,18358.74,23.4,32.63,-99,-99,6.35
1,2018,282,17396.69,24,31.8,-99,-99,3.97
1,2018,283,19949.39,23,32.94,-99,-99,9.46
1,2018,284,16806.71,22.8,31.08,-99,-99,6.33
1,2018,285,20954.44,22.21,33,-99,-99,7.56
1,2018,286,21146.43,22.6,29.83,-99,-99,9.62
1,2018,287,22658.32,22.73,32,-99,-99,9.49
1,2018,288,22293.6,21.6,32,-99,-99,3.41
1,2018,289,21585.91,22.87,33.01,-99,-99,0.92
1,2018,290,21378.97,24.56,32.2,-99,-99,1.09
1,2018,291,21059.96,24.4,33,-99,-99,6.05
1,2018,292,21644.29,24,31.49,-99,-99,2.05
1,2018,293,15938.28,23.4,29.83,-99,-99,2.61
1,2018,294,15292.36,23,32,-99,-99,0.84
1,2018,295,16112.21,23.4,31.76,-99,-99,3.36
1,2018,296,20666.77,23,32.6,-99,-99,5.32
1,2018,297,16587.54,23.4,31.6,-99,-99,4.41
1,2018,298,17756.09,23.2,31.49,-99,-99,2.43
1,2018,299,17151.79,23.14,31.8,-99,-99,12.8
1,2018,300,16436.13,22.67,33.22,-99,-99,4.53
1,2018,301,23618.61,21.6,33.46,-99,-99,3.38
1,2018,302,15746.09,23.8,31.42,-99,-99,5.17
1,2018,303,15200.31,22.2,33.2,-99,-99,5.04
1,2018,304,20506.58,22.6,32.6,-99,-99,1.37
1,2018,305,19171.25,21.5,33.38,-99,-99,8.25
1,2018,306,19832.94,22.6,32.6,-99,-99,5.36
1,2018,307,20676.37,22,31.36,-99,-99,5.38
1,2018,308,19751.48,23,31.2,-99,-99,8.68
1,2018,309,14702.02,22.8,29.87,-99,-99,7.23
1,2018,310,21677.59,22.8,32,-99,-99,2.47
1,2018,311,20032.63,24,30.6,-99,-99,0.86
1,2018,312,22217.06,22,32.6,-99,-99,7.7
1,2018,313,15518.35,23.6,32,-99,-99,8.41
1,2018,314,17675.01,24,32.5,-99,-99,2.45
1,2018,315,18045.31,24.81,31.83,-99,-99,1.29
1,2018,316,15621.74,23.2,32.6,-99,-99,1.68
1,2018,317,19703.53,24.66,33.6,-99,-99,2.45
1,2018,318,21348.54,24.93,33.6,-99,-99,12.48
1,2018,319,18925.07,24.42,32,-99,-99,8.64
1,2018,320,17294.16,24.02,30,-99,-99,2.24
1,2018,321,19593.75,23,33.35,-99,-99,2.24
1,2018,322,21644.29,23.6,32.4,-99,-99,23.02
1,2018,323,20234.63,23.6,32.5,-99,-99,9.3
1,2018,324,22161.58,23.5,31.6,-99,-99,9.48
1,2018,325,13657.24,23.4,31.2,-99,-99,4.29
1,2018,326,22244.8,24,30.43,-99,-99,1.41
1,2018,327,16852.45,23.2,30.08,-99,-99,0.63
1,2018,328,20868.2,23.91,30,-99,-99,1.5
1,2018,329,11928.75,23.2,28.7,-99,-99,6.84
1,2018,330,14054.51,22.87,33,-99,-99,6.48
1,2018,331,13011.62,24,29.99,-99,-99,5.93
1,2018,332,11792.03,23,32,-99,-99,2.07
1,2018,333,22393.53,24.34,33,-99,-99,3.81
1,2018,334,16630.6,23.73,28.8,-99,-99,23.88
1,2018,335,19703.53,23,29.76,-99,-99,4.87
1,2018,336,17843.86,23,31.6,-99,-99,0.43
1,2018,337,21378.97,23.6,32,-99,-99,0.17
1,2018,338,18973.13,23.8,30.29,-99,-99,0.6
1,2018,339,20617.54,22,32,-99,-99,5.29
1,2018,340,18637.87,21.8,30.46,-99,-99,4.2
1,2018,341,18525.97,22,31.6,-99,-99,0.12
1,2018,342,21065.58,20,31.6,-99,-99,0
1,2018,343,20032.63,20,32.27,-99,-99,0
1,2018,344,22710.65,20,32.8,-99,-99,0.08
1,2018,345,19171.25,21.4,32.55,-99,-99,0.03
1,2018,346,18600.65,21.4,32.16,-99,-99,0.85
1,2018,347,11098.92,22.15,32,-99,-99,3.87
1,2018,348,11962.93,22,31.4,-99,-99,2.09
1,2018,349,23353.83,20.33,33.4,-99,-99,0.03
1,2018,350,24321.74,20,33.47,-99,-99,0
1,2018,351,24277.78,20.06,33.41,-99,-99,0.49
1,2018,352,22269.2,21.6,33.6,-99,-99,0.08
1,2018,353,20374.99,22,34.2,-99,-99,0.03
1,2018,354,22550.32,21,33.75,-99,-99,1.63
1,2018,355,20606.59,23.78,33.23,-99,-99,4.46
1,2018,356,21644.29,22.2,34.2,-99,-99,0.42
1,2018,357,22880.18,20.92,34.6,-99,-99,0.01
1,2018,358,22244.8,22,34.54,-99,-99,0.05
1,2018,359,22078.64,20,35.09,-99,-99,0
1,2018,360,23178.29,20,35,-99,-99,0
1,2018,361,20911.32,20.8,35.11,-99,-99,0.01
1,2018,362,23481.43,21,35.21,-99,-99,0
1,2018,363,22921.48,22.2,35.4,-99,-99,0.01
1,2018,364,21106.01,21.6,35.4,-99,-99,0.01
1,2018,365,21710.89,21,35,-99,-99,0
