-75,3.91,415,0,0
1,2001,1,17175.99,21,34.2,-99,-99,0
1,2001,2,19534.4,21.35,35,-99,-99,0
1,2001,3,21245.36,21.15,35.52,-99,-99,0
1,2001,4,15130.18,20.39,35.61,-99,-99,0
1,2001,5,22588.96,22.5,34.52,-99,-99,0
1,2001,6,17642.71,22,33,-99,-99,0
1,2001,7,19099.89,20,35.31,-99,-99,0
1,2001,8,22263.53,21.8,35.5,-99,-99,1.9
1,2001,9,17436.27,23.2,35.53,-99,-99,0
1,2001,10,21525.21,23.6,32.4,-99,-99,0
1,2001,11,22075.99,22.8,34.6,-99,-99,0
1,2001,12,18682.18,22,35.05,-99,-99,0
1,2001,13,12515.19,20,35.5,-99,-99,0
1,2001,14,21103.52,21.4,36.1,-99,-99,0
1,2001,15,17038.22,22,35.62,-99,-99,9.2
1,2001,16,20498.92,23.55,33.6,-99,-99,24.5
1,2001,17,11260.81,22.8,31.2,-99,-99,0.8
1,2001,18,16844.87,22.2,33.2,-99,-99,0
1,2001,19,20453.43,22,33.35,-99,-99,0
1,2001,20,22344.46,21.6,33,-99,-99,0
1,2001,21,20114.93,22,34,-99,-99,24
1,2001,22,20278.88,22,34.48,-99,-99,10.8
1,2001,23,21111.17,22.2,34.26,-99,-99,0
1,2001,24,17400.83,21.8,35.27,-99,-99,0
1,2001,25,17964.21,22.8,34.44,-99,-99,0
1,2001,26,21211.3,21.8,36.39,-99,-99,0
1,2001,27,20171.11,20,36.48,-99,-99,0
1,2001,28,22759.35,22,37.2,-99,-99,0
1,2001,29,23065.76,21.8,37.46,-99,-99,0
1,2001,30,19460.9,21.8,37.43,-99,-99,0
1,2001,31,19358.05,21.4,36.63,-99,-99,3.8
1,2001,32,18578.31,22,36.91,-99,-99,7
1,2001,33,24166.32,21.6,35.23,-99,-99,53
1,2001,34,10360.12,23.77,34.73,-99,-99,0.9
1,2001,35,21662.73,22.8,35.47,-99,-99,0
1,2001,36,20745.39,21.2,35.72,-99,-99,0
1,2001,37,21052.44,22.54,35.25,-99,-99,0
1,2001,38,16443.36,22.05,34.37,-99,-99,0
1,2001,39,16060.49,22.93,32.53,-99,-99,0
1,2001,40,19923.07,20.8,36.02,-99,-99,0
1,2001,41,17211.47,22.05,36.56,-99,-99,0
1,2001,42,22577.6,21.6,37.15,-99,-99,0
1,2001,43,24009.86,22.8,37.51,-99,-99,0
1,2001,44,24874,23.8,38.27,-99,-99,0
1,2001,45,24636.13,24,37.79,-99,-99,0
1,2001,46,22738.78,24.74,36.94,-99,-99,0
1,2001,47,24018.31,23.6,37.67,-99,-99,0
1,2001,48,20866.63,21.8,38.67,-99,-99,0
1,2001,49,19509.68,24.63,36.45,-99,-99,0
1,2001,50,21343.97,23.05,37.18,-99,-99,0
1,2001,51,24016.97,23.5,36.07,-99,-99,5
1,2001,52,11653.97,24.41,32.83,-99,-99,4.7
1,2001,53,17667.13,23.34,33,-99,-99,0
1,2001,54,11129.24,23.25,32.23,-99,-99,0
1,2001,55,11424.45,23.2,34.49,-99,-99,0
1,2001,56,22074.03,23.2,35.4,-99,-99,27.4
1,2001,57,14256.67,24.2,32.5,-99,-99,17.4
1,2001,58,16097.12,23.2,34.1,-99,-99,0
1,2001,59,22852.89,24,33,-99,-99,7.8
1,2001,60,17258.26,23.34,31.83,-99,-99,0
1,2001,61,23041.93,23.6,32.4,-99,-99,1
1,2001,62,23627.78,23.2,32,-99,-99,0
1,2001,63,10833.34,23,33.41,-99,-99,13.5
1,2001,64,21134.4,22,35.63,-99,-99,8.7
1,2001,65,17062.31,23.8,32.91,-99,-99,1.3
1,2001,66,10866.47,21.5,35,-99,-99,0.4
1,2001,67,13560.07,21,35.85,-99,-99,8.3
1,2001,68,21202.51,23.6,33.23,-99,-99,0
1,2001,69,20510.06,22,33.55,-99,-99,0
1,2001,70,23069.58,23.2,34.6,-99,-99,0.6
1,2001,71,23365.88,22.8,36.57,-99,-99,0
1,2001,72,23944.41,20.8,37.42,-99,-99,0
1,2001,73,15316.42,23.77,35.2,-99,-99,0
1,2001,74,14899.01,24.53,33.2,-99,-99,54.5
1,2001,75,10938.15,23.4,31.97,-99,-99,0
1,2001,76,13777.86,23.25,32,-99,-99,6
1,2001,77,11231.54,23,33.2,-99,-99,21.5
1,2001,78,13928.93,24,27.44,-99,-99,2
1,2001,79,23855.3,21.8,33.2,-99,-99,1.6
1,2001,80,11809.13,23.8,29.77,-99,-99,0
1,2001,81,15780.08,21.5,32.53,-99,-99,15
1,2001,82,20883.06,22.8,32,-99,-99,35.8
1,2001,83,11105.74,22.4,33,-99,-99,0.6
1,2001,84,15356.05,22.6,33,-99,-99,0
1,2001,85,18187.14,22,31.8,-99,-99,7.8
1,2001,86,22006.43,23.66,31.8,-99,-99,0
1,2001,87,19312.3,22.8,32.5,-99,-99,0
1,2001,88,15629.34,23.8,33.55,-99,-99,0.2
1,2001,89,20572.97,23.2,33.76,-99,-99,0
1,2001,90,13641.36,23.1,33.73,-99,-99,0
1,2001,91,21685.63,22.6,35.22,-99,-99,0
1,2001,92,21392.61,23.6,35.37,-99,-99,0
1,2001,93,18560.5,23,35.43,-99,-99,35.2
1,2001,94,22495.68,22.6,34.2,-99,-99,0.7
1,2001,95,13751.06,22.21,33.6,-99,-99,1.5
1,2001,96,19229.68,23,34.44,-99,-99,2
1,2001,97,11906.52,23,33.23,-99,-99,0
1,2001,98,21729.18,22,32.6,-99,-99,0
1,2001,99,21009.79,22.6,33.69,-99,-99,0
1,2001,100,23094.06,22.27,35,-99,-99,0
1,2001,101,13972.24,23,34.42,-99,-99,0
1,2001,102,16197.8,21.9,34.17,-99,-99,0.9
1,2001,103,16601.65,23.2,33.62,-99,-99,0
1,2001,104,16445.77,21,33.2,-99,-99,0
1,2001,105,21864.26,20.5,34,-99,-99,0.6
1,2001,106,13210.17,22.6,32.6,-99,-99,0.4
1,2001,107,13474.35,22.27,32,-99,-99,5.2
1,2001,108,20956.66,21,35,-99,-99,0
1,2001,109,14276.49,22.6,33.33,-99,-99,0.4
1,2001,110,25059.42,22.6,34.75,-99,-99,0
1,2001,111,21985.48,23.75,36.15,-99,-99,0
1,2001,112,22647.29,23,34.78,-99,-99,0
1,2001,113,18757.05,24.89,32,-99,-99,0
1,2001,114,15841.32,24.18,32.8,-99,-99,0
1,2001,115,22830.44,21.6,34,-99,-99,0
1,2001,116,22661.23,21.1,33.4,-99,-99,0
1,2001,117,19340.28,21.5,34.8,-99,-99,0
1,2001,118,15481.94,23,34.5,-99,-99,0
1,2001,119,14777.22,23.37,35,-99,-99,0
1,2001,120,12437.84,24.08,33.55,-99,-99,0
1,2001,121,21815.96,22.6,34,-99,-99,0
1,2001,122,14170.36,22.8,33.6,-99,-99,16.2
1,2001,123,18628.82,23,34.02,-99,-99,0
1,2001,124,11690.29,22.6,33.84,-99,-99,1.3
1,2001,125,21143.29,22,35.22,-99,-99,0
1,2001,126,24217.35,24.05,34.54,-99,-99,19.2
1,2001,127,16359.43,23.6,35.18,-99,-99,3.8
1,2001,128,23334.81,25.34,32,-99,-99,5
1,2001,129,13891.29,23,32.27,-99,-99,12.6
1,2001,130,13468.27,20.8,34.07,-99,-99,3.7
1,2001,131,23481.43,21.6,35.05,-99,-99,0
1,2001,132,20382.92,22.15,35,-99,-99,0
1,2001,133,18616.31,23.6,34.6,-99,-99,0
1,2001,134,12856.47,23.4,33.73,-99,-99,0
1,2001,135,18826.93,21.6,34.51,-99,-99,0
1,2001,136,16540.19,22.6,35,-99,-99,0
1,2001,137,22353.57,22.6,35.4,-99,-99,0
1,2001,138,16360.01,22.45,35.23,-99,-99,0.2
1,2001,139,10517.45,23,33.6,-99,-99,1.3
1,2001,140,14729.2,22.8,33.6,-99,-99,1
1,2001,141,14577.16,23.4,32.4,-99,-99,0
1,2001,142,15347.49,21.2,34.2,-99,-99,0
1,2001,143,19008.37,20.5,34.2,-99,-99,57
1,2001,144,19770.83,21.73,33.6,-99,-99,0
1,2001,145,19482.77,22.54,31.73,-99,-99,2
1,2001,146,13958.84,22.4,31.76,-99,-99,11.2
1,2001,147,15903.16,22.8,33.23,-99,-99,10
1,2001,148,21760.43,21.8,32.58,-99,-99,0
1,2001,149,17039.24,21.6,33,-99,-99,0
1,2001,150,16368.44,19.94,32.89,-99,-99,0
1,2001,151,20383.67,20,34.2,-99,-99,0
1,2001,152,15163.18,21.6,33.4,-99,-99,5
1,2001,153,16056.27,21.8,32,-99,-99,40.5
1,2001,154,17077.7,22.1,31.71,-99,-99,0
1,2001,155,17061.28,20.67,32,-99,-99,0
1,2001,156,18986.83,21,32.58,-99,-99,0.7
1,2001,157,19745.79,21.4,32.4,-99,-99,0
1,2001,158,23346.17,20.88,33.6,-99,-99,0
1,2001,159,18422.59,21,33.25,-99,-99,0
1,2001,160,15829.32,20,34,-99,-99,0
1,2001,161,16591.44,21.8,32.83,-99,-99,0
1,2001,162,14648.77,20.92,33.4,-99,-99,0
1,2001,163,12580.67,20.8,33.13,-99,-99,0
1,2001,164,19905.15,20,33.6,-99,-99,0
1,2001,165,18095.01,21.6,33.09,-99,-99,2
1,2001,166,18857.39,21.8,33.41,-99,-99,0
1,2001,167,19106.25,21,34.5,-99,-99,0
1,2001,168,14862.51,21.35,34.42,-99,-99,0
1,2001,169,18451.18,21,33.65,-99,-99,0
1,2001,170,12929.15,22.27,32.6,-99,-99,0
1,2001,171,12284.91,21.5,32.33,-99,-99,0
1,2001,172,21516.71,20.73,33.62,-99,-99,0
1,2001,173,21770.51,20,34.2,-99,-99,0
1,2001,174,12023.87,21.15,34.2,-99,-99,0
1,2001,175,17024.21,20,35,-99,-99,0
1,2001,176,20230.33,21.2,34.98,-99,-99,0
1,2001,177,20744.87,22.4,33.6,-99,-99,0
1,2001,178,23440.95,21,34.87,-99,-99,0
1,2001,179,20109.85,22.4,32.58,-99,-99,0.7
1,2001,180,14981.85,22,34.2,-99,-99,0
1,2001,181,17296.23,21.6,33.6,-99,-99,3.4
1,2001,182,21795.75,21.2,35,-99,-99,0
1,2001,183,16665.92,21.8,35.02,-99,-99,0
1,2001,184,22070.21,23.14,35.4,-99,-99,0
1,2001,185,23109.22,22,34.15,-99,-99,0
1,2001,186,16560.3,22.2,34.23,-99,-99,0.5
1,2001,187,12450.28,21.5,31.8,-99,-99,0.6
1,2001,188,20314.67,20,34,-99,-99,0
1,2001,189,18394.4,20.33,34.15,-99,-99,0
1,2001,190,11828.42,22.6,32.2,-99,-99,2
1,2001,191,18549.5,21,34.5,-99,-99,0
1,2001,192,17400.94,21.8,34.2,-99,-99,7.2
1,2001,193,17285.61,21.85,34.12,-99,-99,0.8
1,2001,194,14711.52,21.6,34.5,-99,-99,0
1,2001,195,21201.99,21.2,34.17,-99,-99,16.9
1,2001,196,10717.29,21.2,33,-99,-99,4.2
1,2001,197,20982.46,19.06,34.93,-99,-99,0
1,2001,198,18924.07,20,34.34,-99,-99,1.5
1,2001,199,18683.18,19.55,34.2,-99,-99,0
1,2001,200,15316.38,22.2,33.2,-99,-99,1
1,2001,201,11420.67,21.15,34.31,-99,-99,0.3
1,2001,202,18090.91,21.35,35,-99,-99,0
1,2001,203,15889.2,21,33.76,-99,-99,0.6
1,2001,204,19571.9,20,33,-99,-99,0
1,2001,205,23264.34,20,34.56,-99,-99,0
1,2001,206,23523.96,19.85,35.4,-99,-99,0
1,2001,207,18591.68,21.8,35.24,-99,-99,0
1,2001,208,19930.39,21.2,35.31,-99,-99,0
1,2001,209,16134.94,21,32,-99,-99,1.7
1,2001,210,24466.64,18.65,34.2,-99,-99,0
1,2001,211,18817.92,19.85,35.06,-99,-99,0
1,2001,212,18180.85,21.45,35.24,-99,-99,0
1,2001,213,20324.35,22.8,33.6,-99,-99,0
1,2001,214,14115.45,20,34.2,-99,-99,0
1,2001,215,18385.37,22,34.8,-99,-99,0
1,2001,216,16946.06,21.8,33,-99,-99,0
1,2001,217,15635.84,20,34.52,-99,-99,0
1,2001,218,19926.7,19.89,35.64,-99,-99,0
1,2001,219,16745.92,21,35.35,-99,-99,0
1,2001,220,20247.82,21.25,32,-99,-99,0
1,2001,221,23491.78,19.94,35,-99,-99,0
1,2001,222,18422.68,20.17,34.52,-99,-99,0
1,2001,223,15355.06,20,34,-99,-99,0
1,2001,224,18336.34,19.86,35.91,-99,-99,0
1,2001,225,14046,21,36.41,-99,-99,0
1,2001,226,16898.55,22.8,37.06,-99,-99,0
1,2001,227,14891.81,23.2,34.5,-99,-99,0
1,2001,228,18159.31,22.6,36.91,-99,-99,0
1,2001,229,20757.72,23,36.96,-99,-99,0
1,2001,230,19290.03,24.38,37.45,-99,-99,0
1,2001,231,12923.85,23,36.88,-99,-99,0
1,2001,232,16477.59,23.86,35.22,-99,-99,0
1,2001,233,14724.38,23,33.4,-99,-99,0
1,2001,234,13239.19,20.09,35.24,-99,-99,0
1,2001,235,22545.65,21.2,36.69,-99,-99,0
1,2001,236,22433.88,22,36.58,-99,-99,0
1,2001,237,19718.34,20.43,35.22,-99,-99,0
1,2001,238,20698.85,21.4,36.3,-99,-99,0.1
1,2001,239,20445.18,22,35.56,-99,-99,0
1,2001,240,17715.84,20.8,34.6,-99,-99,0
1,2001,241,24888.35,20,36.1,-99,-99,0
1,2001,242,24773.95,19.89,36.48,-99,-99,0
1,2001,243,21624.48,20,37.1,-99,-99,0
1,2001,244,12255.92,21.8,36.19,-99,-99,0
1,2001,245,15442.54,21.8,35.22,-99,-99,0
1,2001,246,18081.32,21.25,37.08,-99,-99,0
1,2001,247,15187.2,21.8,37.09,-99,-99,0
1,2001,248,18660.29,22,34.6,-99,-99,4.5
1,2001,249,21999.65,21.8,35.21,-99,-99,0
1,2001,250,23678.23,20,37.43,-99,-99,8.9
1,2001,251,17998.95,22,34.2,-99,-99,1.2
1,2001,252,19258.41,23.6,35.99,-99,-99,0
1,2001,253,12037.46,24,34.2,-99,-99,0
1,2001,254,21083.94,21.6,34.89,-99,-99,0
1,2001,255,14828.44,22.5,33.25,-99,-99,0
1,2001,256,19428.21,22.8,32.4,-99,-99,68
1,2001,257,12746.13,22.8,33,-99,-99,3.5
1,2001,258,23759.14,20,34.65,-99,-99,0
1,2001,259,20696.9,20,35.03,-99,-99,0
1,2001,260,22234.28,21,33.24,-99,-99,7
1,2001,261,21957.85,20,31.47,-99,-99,0
1,2001,262,21959.33,21,34.73,-99,-99,0
1,2001,263,16935.44,21.8,33,-99,-99,0
1,2001,264,21400.8,21.8,35.09,-99,-99,0
1,2001,265,22934.58,23,34.6,-99,-99,0
1,2001,266,15812.55,21.3,35,-99,-99,0
1,2001,267,21532.16,20.46,35.96,-99,-99,0
1,2001,268,24598.14,21.85,36.45,-99,-99,0
1,2001,269,22358.92,22,36,-99,-99,1.5
1,2001,270,18863.4,22,36,-99,-99,1.2
1,2001,271,22483.41,23.4,35.97,-99,-99,0
1,2001,272,18150.58,22.6,35,-99,-99,0
1,2001,273,17165.73,21.6,36.42,-99,-99,0
1,2001,274,24822.47,20.8,36.88,-99,-99,0
1,2001,275,19096.93,22.21,36.71,-99,-99,0
1,2001,276,21731.25,22.2,37.35,-99,-99,0
1,2001,277,20882.23,22.4,36.07,-99,-99,0
1,2001,278,24067.7,20.84,37.41,-99,-99,0
1,2001,279,18349.9,22,37.15,-99,-99,0
1,2001,280,19030.14,22.8,37.12,-99,-99,0
1,2001,281,24985.53,21,37.93,-99,-99,4
1,2001,282,14418.6,21.6,38.51,-99,-99,3.2
1,2001,283,16207.37,23.4,37.06,-99,-99,0
1,2001,284,21040.98,23.72,37.48,-99,-99,0
1,2001,285,20743.72,25.29,35.28,-99,-99,0
1,2001,286,17126.47,23.8,35.17,-99,-99,0
1,2001,287,21254.02,24,37.48,-99,-99,0
1,2001,288,20817.01,24.22,36.77,-99,-99,2.4
1,2001,289,18035.19,24.77,33.33,-99,-99,7.4
1,2001,290,15258.23,23.88,32.6,-99,-99,7
1,2001,291,20608.17,24.02,31.17,-99,-99,0
1,2001,292,23608.63,23.72,31.8,-99,-99,0
1,2001,293,16574.57,23.4,33.09,-99,-99,0
1,2001,294,19022.9,24.02,34,-99,-99,0
1,2001,295,15434.95,23.8,34.93,-99,-99,4.5
1,2001,296,16098.53,22,33,-99,-99,46.4
1,2001,297,14435.79,21.8,34.5,-99,-99,2
1,2001,298,23838.26,20.73,35,-99,-99,0
1,2001,299,24078.87,21,35.62,-99,-99,7.5
1,2001,300,11241.01,23,33,-99,-99,0
1,2001,301,23740.6,23.4,35.4,-99,-99,0
1,2001,302,23435.64,24.76,30.75,-99,-99,0
1,2001,303,13225.15,23.78,31.57,-99,-99,10.5
1,2001,304,12392.05,22.2,33,-99,-99,0
1,2001,305,15215.22,23.2,34.2,-99,-99,11
1,2001,306,10461.78,22.5,31.6,-99,-99,12.5
1,2001,307,19353.88,21.55,32.63,-99,-99,0
1,2001,308,20134.14,23.8,33.2,-99,-99,0
1,2001,309,19835.3,24,32.94,-99,-99,0
1,2001,310,15235.33,21.8,34.37,-99,-99,6.5
1,2001,311,21522.2,22.6,35.37,-99,-99,0
1,2001,312,19211.6,21,34.57,-99,-99,0
1,2001,313,15166.72,21.8,33.74,-99,-99,39.8
1,2001,314,16060.64,21.2,34.84,-99,-99,4
1,2001,315,17925.82,22,35.6,-99,-99,0
1,2001,316,18966.69,24,32,-99,-99,4.8
1,2001,317,20404.54,23.98,32.5,-99,-99,53.7
1,2001,318,18912.78,23.4,31.65,-99,-99,0
1,2001,319,18089.32,23.91,33.2,-99,-99,0
1,2001,320,22309.47,22.8,35.27,-99,-99,0.5
1,2001,321,20689.48,22.6,33.74,-99,-99,18
1,2001,322,15765.65,20.7,34.6,-99,-99,0
1,2001,323,16008.92,23.9,33.6,-99,-99,39.5
1,2001,324,18760.22,22.8,33,-99,-99,3.5
1,2001,325,16758.6,23.2,32.58,-99,-99,16.2
1,2001,326,19898.62,23,33.2,-99,-99,35
1,2001,327,19480.01,22.2,33.44,-99,-99,0
1,2001,328,19588.57,22.8,33.46,-99,-99,19.5
1,2001,329,17728.39,23.6,32.6,-99,-99,0
1,2001,330,16266.11,23.25,28.66,-99,-99,33
1,2001,331,16379.48,22.8,29.61,-99,-99,0
1,2001,332,15969.71,22.6,32,-99,-99,0
1,2001,333,19484.21,23.45,29.59,-99,-99,0
1,2001,334,19726.94,22.8,31.6,-99,-99,0
1,2001,335,12921.12,22.8,27.74,-99,-99,2.7
1,2001,336,16039.84,22.2,31.28,-99,-99,0
1,2001,337,21369.97,23.29,31.41,-99,-99,0
1,2001,338,21874.38,22.8,33.57,-99,-99,0
1,2001,339,21468.05,23.8,34,-99,-99,0
1,2001,340,16163.78,22.21,32.4,-99,-99,0
1,2001,341,16760.37,23.88,30.91,-99,-99,0
1,2001,342,20907.76,23.4,31.58,-99,-99,44.7
1,2001,343,14663.72,23,31.47,-99,-99,5
1,2001,344,14267.07,23.6,32.55,-99,-99,0.6
1,2001,345,21915.49,23.1,33.6,-99,-99,34.2
1,2001,346,16978.78,23.6,34.07,-99,-99,1.6
1,2001,347,13991.06,24.86,30.42,-99,-99,9
1,2001,348,20727.61,23.8,34,-99,-99,0
1,2001,349,16575.95,24,31.2,-99,-99,3.8
1,2001,350,17221.09,22.8,32,-99,-99,10
1,2001,351,17219.2,22.4,32.8,-99,-99,0.5
1,2001,352,16959.15,22.8,32.46,-99,-99,41.3
1,2001,353,9833.17,23.6,30,-99,-99,1.5
1,2001,354,18515.03,22.2,32,-99,-99,0
1,2001,355,13074.5,23,32.8,-99,-99,0.4
1,2001,356,21630.92,23.93,34.41,-99,-99,0
1,2001,357,16450.31,24.75,31.6,-99,-99,5.3
1,2001,358,9971.34,23.4,29.02,-99,-99,5.5
1,2001,359,15941.7,22.6,30.41,-99,-99,0.4
1,2001,360,17245.64,23,31.6,-99,-99,3.7
1,2001,361,17513.03,23.63,31.2,-99,-99,0.5
1,2001,362,20639.01,23.05,33,-99,-99,21.2
1,2001,363,17661.57,21.8,33.2,-99,-99,0
1,2001,364,19752.77,22,33.96,-99,-99,0
1,2001,365,21847.54,24.87,34.2,-99,-99,0
