-75,3.91,415,0,0
1,1988,1,20170.51,23,34.78,-99,-99,0
1,1988,2,22270.51,22,35.31,-99,-99,0
1,1988,3,20984.58,22.8,35.62,-99,-99,0
1,1988,4,21394.09,23.2,35.4,-99,-99,0
1,1988,5,22458.35,23.2,35.4,-99,-99,2.1
1,1988,6,20126.56,22.6,34.93,-99,-99,6.2
1,1988,7,19623.3,22,32.4,-99,-99,0.9
1,1988,8,18857.96,20,34.58,-99,-99,0
1,1988,9,18091.86,23,33,-99,-99,0
1,1988,10,19556.32,22.4,30,-99,-99,0
1,1988,11,19710.7,24,34.2,-99,-99,0
1,1988,12,23023.53,20,34.2,-99,-99,0
1,1988,13,23052.13,23.4,35.47,-99,-99,0
1,1988,14,20444.16,24,33,-99,-99,0
1,1988,15,17962.48,24,32.4,-99,-99,5.3
1,1988,16,18648.03,23,31.6,-99,-99,0.1
1,1988,17,18806.42,22.8,31.03,-99,-99,0
1,1988,18,19893.66,22,31.73,-99,-99,0
1,1988,19,16869.53,21.4,31.55,-99,-99,0
1,1988,20,21812.77,20.4,33.2,-99,-99,0.1
1,1988,21,19449.39,22.8,34,-99,-99,1
1,1988,22,20545.48,23.6,34,-99,-99,0
1,1988,23,19375.76,21.2,34.5,-99,-99,0
1,1988,24,21545.19,22.8,35,-99,-99,0
1,1988,25,19303.08,21,33.76,-99,-99,0
1,1988,26,22149.92,22.4,35,-99,-99,0
1,1988,27,14799.46,23,34.5,-99,-99,0.3
1,1988,28,18320.99,23,33.47,-99,-99,0
1,1988,29,14040.75,23.4,32.6,-99,-99,13.1
1,1988,30,18651.45,23.2,33.73,-99,-99,0
1,1988,31,18682.47,21.6,34.87,-99,-99,0
1,1988,32,21961.46,24,34.7,-99,-99,0
1,1988,33,17660.64,23,35.38,-99,-99,0
1,1988,34,20540.96,22,32.6,-99,-99,2.1
1,1988,35,17856.01,23.8,32,-99,-99,6
1,1988,36,18430.61,24,34.5,-99,-99,0
1,1988,37,22688.91,22.8,34.2,-99,-99,0
1,1988,38,11526.47,21,33,-99,-99,10.8
1,1988,39,19616.97,22.4,34.54,-99,-99,0
1,1988,40,15128.31,22,35.34,-99,-99,2.2
1,1988,41,17348.67,22.6,30.47,-99,-99,23.2
1,1988,42,13804.55,21.4,32.83,-99,-99,1
1,1988,43,16304.22,22,32.8,-99,-99,0
1,1988,44,17019.45,23,34,-99,-99,0
1,1988,45,15528.47,22.8,34.6,-99,-99,0
1,1988,46,20389.59,23.6,36.5,-99,-99,0.1
1,1988,47,19590.21,24,35.94,-99,-99,0.1
1,1988,48,18511.02,23,35.64,-99,-99,0
1,1988,49,23810.89,24,36.49,-99,-99,0
1,1988,50,21205.04,24.2,37.11,-99,-99,0
1,1988,51,20956.65,23,36.77,-99,-99,0
1,1988,52,19453.49,23.8,35.2,-99,-99,0
1,1988,53,13623.22,22,34.2,-99,-99,0.4
1,1988,54,16713.57,24,32.8,-99,-99,0
1,1988,55,14778.85,23,35.48,-99,-99,0
1,1988,56,24032.91,24,32.16,-99,-99,0.5
1,1988,57,17758.4,23.2,31.4,-99,-99,0
1,1988,58,11049.47,24,32.6,-99,-99,0
1,1988,59,13309.06,23,30.47,-99,-99,0
1,1988,60,21894.19,22.6,33.55,-99,-99,0
1,1988,61,22198.28,24.8,30.94,-99,-99,0
1,1988,62,22924.13,24.2,34.52,-99,-99,0
1,1988,63,19847.38,23.6,34.17,-99,-99,0
1,1988,64,22966.79,23,36.44,-99,-99,0
1,1988,65,20024.45,22,36.49,-99,-99,0
1,1988,66,21593.86,23.6,35.61,-99,-99,0
1,1988,67,23588.02,23.2,35,-99,-99,0
1,1988,68,16397.6,25.6,35.03,-99,-99,0.3
1,1988,69,13864.45,23.6,34.2,-99,-99,0
1,1988,70,20523.22,24,34,-99,-99,0
1,1988,71,23224.35,23,35.42,-99,-99,0
1,1988,72,21254.4,24,36.56,-99,-99,0
1,1988,73,18573.83,23.6,35.6,-99,-99,0
1,1988,74,20423.98,23,30.5,-99,-99,0
1,1988,75,21565.53,24.4,30.33,-99,-99,2.2
1,1988,76,10943.39,24,30.94,-99,-99,1.3
1,1988,77,23846.49,20.2,35.85,-99,-99,0
1,1988,78,21867,25,36.48,-99,-99,0
1,1988,79,23288.28,20.4,36.34,-99,-99,0
1,1988,80,20881.09,23.4,36.55,-99,-99,0
1,1988,81,16063.56,22.8,36.56,-99,-99,0
1,1988,82,24426,24.2,37.8,-99,-99,0
1,1988,83,22299.31,21.6,38.16,-99,-99,0
1,1988,84,23005.5,22.8,37.58,-99,-99,0
1,1988,85,22152.35,22.6,37.26,-99,-99,2.8
1,1988,86,10964.29,21,37.53,-99,-99,1.6
1,1988,87,12519.84,20.8,35.78,-99,-99,0
1,1988,88,16336.57,22.8,36.77,-99,-99,0
1,1988,89,13362.82,22.8,32.6,-99,-99,0
1,1988,90,14347.85,22.6,34.5,-99,-99,0
1,1988,91,17731.65,22.8,36.48,-99,-99,0
1,1988,92,16029.97,23.6,36.42,-99,-99,0
1,1988,93,12214.43,22.8,33.6,-99,-99,0
1,1988,94,20522.81,24.4,32.4,-99,-99,0
1,1988,95,16567.21,23,33.6,-99,-99,7.2
1,1988,96,17119.34,23.4,35.4,-99,-99,0.5
1,1988,97,10922.56,24,35.21,-99,-99,0
1,1988,98,11617.81,23,32.4,-99,-99,0.2
1,1988,99,19045.6,24.2,33.78,-99,-99,0
1,1988,100,14824.77,24,33.2,-99,-99,10.1
1,1988,101,16212.4,23,28.91,-99,-99,9.7
1,1988,102,13260.8,22,28.81,-99,-99,14.3
1,1988,103,19814.71,21.8,32,-99,-99,11.7
1,1988,104,10864.38,21,30,-99,-99,12.2
1,1988,105,21446.16,21.6,31.6,-99,-99,0
1,1988,106,14880.48,22.4,31.46,-99,-99,0.5
1,1988,107,10833.07,23.2,33.79,-99,-99,0
1,1988,108,10821.88,22.4,34,-99,-99,0.5
1,1988,109,21902.04,24.4,34,-99,-99,4.7
1,1988,110,20075.01,22.8,29.88,-99,-99,0
1,1988,111,10786.26,22.6,30.47,-99,-99,2.5
1,1988,112,12430.53,22,31.17,-99,-99,0
1,1988,113,12691.06,21.2,30.17,-99,-99,3
1,1988,114,24238.55,22.6,32,-99,-99,0
1,1988,115,21318.46,23,32.33,-99,-99,16.9
1,1988,116,23072.96,22,32.4,-99,-99,0.1
1,1988,117,11666.51,22.8,32.4,-99,-99,1.1
1,1988,118,13429.67,23.6,33.55,-99,-99,0.2
1,1988,119,17372.66,23,33.2,-99,-99,0
1,1988,120,13801.69,24.2,32,-99,-99,0
1,1988,121,19228.81,24,32,-99,-99,0
1,1988,122,19880.08,22.2,32.4,-99,-99,0
1,1988,123,11299.69,23,32.2,-99,-99,0
1,1988,124,23072.53,22.8,31.71,-99,-99,0.5
1,1988,125,12620.6,21.8,30.41,-99,-99,0.4
1,1988,126,23677.12,22,31.58,-99,-99,7.6
1,1988,127,17572.95,23,32,-99,-99,2.4
1,1988,128,19565.62,22.8,31.2,-99,-99,4
1,1988,129,19670.17,21.8,32.4,-99,-99,2.1
1,1988,130,17627.6,22,32,-99,-99,0
1,1988,131,13850.34,24,32.4,-99,-99,0
1,1988,132,15167.31,24,32.4,-99,-99,0
1,1988,133,16747.07,23,31.8,-99,-99,0
1,1988,134,13522.98,22.4,32.23,-99,-99,0
1,1988,135,13769.6,23.6,30,-99,-99,0
1,1988,136,15211.43,23,32.4,-99,-99,17.4
1,1988,137,23016.9,23,32.8,-99,-99,0
1,1988,138,19539.08,22.8,32.58,-99,-99,0
1,1988,139,11707.77,21.6,32.6,-99,-99,0
1,1988,140,15257.43,23,32.23,-99,-99,0.3
1,1988,141,14577.16,22.8,33.31,-99,-99,0.4
1,1988,142,14557.5,23.6,33.2,-99,-99,0
1,1988,143,14538.18,21.8,32.5,-99,-99,0
1,1988,144,14256.66,22,33.2,-99,-99,0
1,1988,145,16729.52,21.6,32.5,-99,-99,0
1,1988,146,15922.78,23.8,32.4,-99,-99,1.1
1,1988,147,14726.36,22,32.6,-99,-99,0
1,1988,148,14578.18,21.2,29.17,-99,-99,0.5
1,1988,149,14952.49,23,32.63,-99,-99,1.9
1,1988,150,21969.72,23.2,33.33,-99,-99,37.1
1,1988,151,20538.56,20.2,33.2,-99,-99,0
1,1988,152,20491.48,23.8,32.8,-99,-99,34.4
1,1988,153,10604.05,21.4,31.6,-99,-99,0
1,1988,154,18893.17,23.2,29.89,-99,-99,18.6
1,1988,155,12915.88,21.4,32.5,-99,-99,0
1,1988,156,15880.82,22.4,31.97,-99,-99,4
1,1988,157,17935.65,21.2,31.2,-99,-99,0
1,1988,158,22441.91,23.6,32.4,-99,-99,0
1,1988,159,21649.38,21.8,33.29,-99,-99,0
1,1988,160,19698.39,22.6,34.2,-99,-99,0
1,1988,161,16462.57,22.8,33.2,-99,-99,0
1,1988,162,10656.5,23.6,32.4,-99,-99,0
1,1988,163,17342.54,23.4,31.6,-99,-99,0
1,1988,164,11544.71,22.2,32.8,-99,-99,0
1,1988,165,15909.63,21.6,33.76,-99,-99,0
1,1988,166,15131.24,23.2,33,-99,-99,0
1,1988,167,20904.29,21.8,33.29,-99,-99,0
1,1988,168,16531.46,23.2,33.27,-99,-99,0
1,1988,169,14932.89,21.2,32.08,-99,-99,0
1,1988,170,10106.52,22.8,28.95,-99,-99,0.5
1,1988,171,17544.05,21.8,30.5,-99,-99,3.5
1,1988,172,10102.55,21,32,-99,-99,2.7
1,1988,173,19462.31,23.2,26.37,-99,-99,0
1,1988,174,18563.31,22.2,32.57,-99,-99,0
1,1988,175,16383.1,22,27.91,-99,-99,8.3
1,1988,176,19717.42,21,30.86,-99,-99,0.3
1,1988,177,11551.19,21,28.09,-99,-99,15.6
1,1988,178,19026.47,19.05,31.2,-99,-99,0.7
1,1988,179,17675.01,19.82,31.69,-99,-99,0
1,1988,180,14211.96,22.8,30.68,-99,-99,1.2
1,1988,181,19478.24,21.4,29.15,-99,-99,0
1,1988,182,23208.13,22.2,30.47,-99,-99,0.7
1,1988,183,14353.8,22.2,31.24,-99,-99,0
1,1988,184,18600.46,22.6,31.36,-99,-99,0
1,1988,185,14880.46,22.2,27.74,-99,-99,27.8
1,1988,186,19390.5,21,29.44,-99,-99,20
1,1988,187,15668.36,21.6,25.68,-99,-99,7
1,1988,188,20572.28,21.2,29.39,-99,-99,1.7
1,1988,189,18394.4,20.6,30.5,-99,-99,0.6
1,1988,190,15698.18,22.2,29.89,-99,-99,7.1
1,1988,191,15451.25,22,29.04,-99,-99,8
1,1988,192,17400.94,22.4,30,-99,-99,5.2
1,1988,193,18190.81,23.4,30.4,-99,-99,2.1
1,1988,194,14840.95,21.4,29.58,-99,-99,3.9
1,1988,195,12521.8,24.2,28.89,-99,-99,0
1,1988,196,20184.19,21.2,31.6,-99,-99,3.9
1,1988,197,20852.65,21,31.69,-99,-99,0
1,1988,198,21133.31,22,32.23,-99,-99,16.6
1,1988,199,18422.98,23,32.27,-99,-99,3.7
1,1988,200,21698.45,22.8,32.6,-99,-99,3.2
1,1988,201,19766.14,22,32.4,-99,-99,1.1
1,1988,202,17699.25,23,31,-99,-99,5
1,1988,203,12882.78,21.8,31.6,-99,-99,5.3
1,1988,204,12766.26,22,32.4,-99,-99,6.1
1,1988,205,16843.14,22,32.6,-99,-99,0
1,1988,206,20012.37,23,31.4,-99,-99,0
1,1988,207,11496.65,22,32.48,-99,-99,0
1,1988,208,12299.55,22.2,32.6,-99,-99,0
1,1988,209,20877.79,21,32.46,-99,-99,0
1,1988,210,18529.89,23.4,33.27,-99,-99,0
1,1988,211,17761.02,22.6,33.2,-99,-99,0
1,1988,212,18445.45,23.8,31.42,-99,-99,0
1,1988,213,15554.81,22,31.67,-99,-99,10.5
1,1988,214,20351.29,23,32.27,-99,-99,30.2
1,1988,215,15063.65,21,33.4,-99,-99,2.1
1,1988,216,20272.61,23.2,34.2,-99,-99,0
1,1988,217,23231.42,23.8,33,-99,-99,0
1,1988,218,22862.61,22.8,33.6,-99,-99,0
1,1988,219,24497.36,23,32.4,-99,-99,0
1,1988,220,11682,22.8,33.01,-99,-99,0
1,1988,221,23893.89,22.8,34.2,-99,-99,3.5
1,1988,222,19093.84,22.6,32.4,-99,-99,0
1,1988,223,18581.31,21,31.8,-99,-99,0
1,1988,224,12816.86,22.8,33,-99,-99,0
1,1988,225,18629.71,20.2,34.2,-99,-99,0
1,1988,226,20138.73,23.4,34.2,-99,-99,0
1,1988,227,18001.38,22.6,32.6,-99,-99,0
1,1988,228,20054.75,23,33.24,-99,-99,0
1,1988,229,20622.15,24.2,34,-99,-99,6.3
1,1988,230,11551.56,21.6,33.2,-99,-99,3.6
1,1988,231,24071.47,20.4,33,-99,-99,10.8
1,1988,232,21922.71,22.6,33.6,-99,-99,21.1
1,1988,233,17995.75,21.4,32.4,-99,-99,9.7
1,1988,234,14604.02,21.6,32,-99,-99,6.5
1,1988,235,14756.27,22.4,31.2,-99,-99,0
1,1988,236,22433.88,24.6,33.4,-99,-99,0
1,1988,237,20266.31,23.4,33.4,-99,-99,0
1,1988,238,15898.45,24.2,34,-99,-99,40
1,1988,239,17561.6,21.4,31.6,-99,-99,0.3
1,1988,240,11117.38,22.6,32.4,-99,-99,2.4
1,1988,241,16631.24,22,32.46,-99,-99,0
1,1988,242,19952.19,22.4,33.2,-99,-99,4
1,1988,243,21624.48,21.2,30.94,-99,-99,18.9
1,1988,244,17363.51,20.6,31.57,-99,-99,4.6
1,1988,245,21107.71,22.2,32.4,-99,-99,2.2
1,1988,246,15591.9,22,29.9,-99,-99,0.4
1,1988,247,21000.98,22.6,33.05,-99,-99,0.1
1,1988,248,24063.33,22.6,32.42,-99,-99,0
1,1988,249,23663.46,23,33.67,-99,-99,0
1,1988,250,25343.29,24,34,-99,-99,0
1,1988,251,12028.18,23.6,33.2,-99,-99,4.5
1,1988,252,24677.4,20.8,33.71,-99,-99,2.1
1,1988,253,19684.44,22,30.56,-99,-99,0
1,1988,254,19136.29,21,31.2,-99,-99,0
1,1988,255,13158.13,22.2,30.7,-99,-99,0.2
1,1988,256,19149.69,20.2,33,-99,-99,1.6
1,1988,257,20687.64,22.6,32.6,-99,-99,0
1,1988,258,18462.66,22,30.89,-99,-99,1.2
1,1988,259,20557.47,23,33.24,-99,-99,0
1,1988,260,21118.49,22.4,34.2,-99,-99,3
1,1988,261,11773.56,22,33.41,-99,-99,0
1,1988,262,24610.6,23.2,29.73,-99,-99,0
1,1988,263,22378.44,22,31.57,-99,-99,0
1,1988,264,18330.02,22,34,-99,-99,0
1,1988,265,14838.3,22,31.48,-99,-99,0
1,1988,266,14974.99,21.8,35,-99,-99,0
1,1988,267,22788.48,22,32.4,-99,-99,0
1,1988,268,20550.29,23,32.5,-99,-99,0
1,1988,269,16078.51,22,34.2,-99,-99,0
1,1988,270,17747.07,24,34.31,-99,-99,0
1,1988,271,11182.99,20.4,34.5,-99,-99,0
1,1988,272,16755.83,23.2,32.4,-99,-99,0
1,1988,273,20093.81,24.2,34.5,-99,-99,0
1,1988,274,21756.06,23,31.9,-99,-99,0
1,1988,275,20211.54,23.2,30,-99,-99,22.2
1,1988,276,16578.45,21.4,30.89,-99,-99,5.1
1,1988,277,16288.74,22,29.62,-99,-99,9
1,1988,278,22259.11,22.2,29.93,-99,-99,1.1
1,1988,279,21686.91,22.8,32.6,-99,-99,0
1,1988,280,18752.23,21.4,32.6,-99,-99,0.7
1,1988,281,19014.39,20.8,32.37,-99,-99,0
1,1988,282,14418.6,22,31.36,-99,-99,0
1,1988,283,18841.97,22,32.6,-99,-99,30.6
1,1988,284,24089.17,21.8,33.2,-99,-99,0
1,1988,285,17698.03,22.4,33.43,-99,-99,0
1,1988,286,16019.9,23.2,30.91,-99,-99,0
1,1988,287,15173.32,23,26.8,-99,-99,9.4
1,1988,288,15570.37,20.6,31.58,-99,-99,1
1,1988,289,12655.68,22,33.13,-99,-99,30.4
1,1988,290,17325.21,21.2,33,-99,-99,0
1,1988,291,17717.38,20.2,29.89,-99,-99,0
1,1988,292,12195.21,21.2,30.65,-99,-99,0.8
1,1988,293,24541.53,21.2,32.4,-99,-99,0
1,1988,294,14632.25,22.4,30.53,-99,-99,12.8
1,1988,295,17529.12,20.4,31.03,-99,-99,0.9
1,1988,296,14866.51,20.2,31.58,-99,-99,0
1,1988,297,23733.3,22.4,33.31,-99,-99,0
1,1988,298,21380.14,21,33.73,-99,-99,0
1,1988,299,22169.35,20,31.48,-99,-99,17.5
1,1988,300,24182.18,21.2,29.66,-99,-99,0
1,1988,301,18434.66,23,28.28,-99,-99,50.1
1,1988,302,11614.52,20,31.65,-99,-99,0
1,1988,303,23809.61,22,33.41,-99,-99,0
1,1988,304,20252.22,21.8,29.48,-99,-99,10.1
1,1988,305,14673.86,22,30.75,-99,-99,0
1,1988,306,14111.11,21.2,31,-99,-99,6
1,1988,307,15304.5,23,32.4,-99,-99,20.4
1,1988,308,15416.22,21.4,30.68,-99,-99,0
1,1988,309,16604.52,22,32,-99,-99,0
1,1988,310,24107.96,22.4,32.37,-99,-99,1
1,1988,311,16152.12,21,28.33,-99,-99,1.2
1,1988,312,14653.19,20.8,30.5,-99,-99,40
1,1988,313,16103.95,21.4,25.33,-99,-99,40.6
1,1988,314,14876.68,20,30.48,-99,-99,0
1,1988,315,17391.69,21.6,31,-99,-99,10.5
1,1988,316,17633.15,20.4,31.2,-99,-99,30.4
1,1988,317,15876.47,22,29.8,-99,-99,10
1,1988,318,15454.65,21,30.36,-99,-99,1
1,1988,319,18354.98,20.6,28.69,-99,-99,5
1,1988,320,16074.29,21,30.41,-99,-99,35.3
1,1988,321,16714.6,20.4,27.87,-99,-99,0
1,1988,322,20661.93,21,28.96,-99,-99,6.6
1,1988,323,21163.57,20.4,30.73,-99,-99,0.2
1,1988,324,17176.07,23,29.93,-99,-99,0
1,1988,325,17681.61,21.2,31.41,-99,-99,0
1,1988,326,22401.04,22.2,32,-99,-99,0
1,1988,327,16322.61,23,30.47,-99,-99,0
1,1988,328,19558.62,22,30.5,-99,-99,0
1,1988,329,17465.84,20,29.46,-99,-99,0
1,1988,330,19282.34,22,30,-99,-99,40
1,1988,331,12449.19,21,31.55,-99,-99,0
1,1988,332,12828.5,22.4,32.23,-99,-99,40
1,1988,333,17653.53,20,32.2,-99,-99,10
1,1988,334,17244.65,20.6,30.47,-99,-99,0
1,1988,335,19186.84,21.4,31.4,-99,-99,8
1,1988,336,14996.4,21,30.57,-99,-99,4.8
1,1988,337,16547.75,20.2,27.91,-99,-99,10.2
1,1988,338,12236.94,21.6,29.35,-99,-99,7
1,1988,339,10796,22,30.08,-99,-99,4.1
1,1988,340,14560.06,21.8,28.78,-99,-99,16.8
1,1988,341,17670.28,20.4,28.53,-99,-99,0
1,1988,342,11293.94,21.4,28.46,-99,-99,5
1,1988,343,14533.87,20.2,30.41,-99,-99,0.3
1,1988,344,12839.34,20.4,31.45,-99,-99,0
1,1988,345,17763.75,22,31,-99,-99,0
1,1988,346,18664.83,23,32,-99,-99,0
1,1988,347,20733.23,22.8,31.49,-99,-99,0
1,1988,348,12042.75,23.2,30.78,-99,-99,0.2
1,1988,349,11780.77,21.2,31.49,-99,-99,0
1,1988,350,19164.8,21.8,31.3,-99,-99,0
1,1988,351,20717.54,22.8,31.2,-99,-99,0
1,1988,352,20716.46,22,31.12,-99,-99,0
1,1988,353,22141.73,21.6,30.33,-99,-99,4.7
1,1988,354,19940.32,23.2,30.44,-99,-99,0
1,1988,355,20979.3,23.2,31.2,-99,-99,0
1,1988,356,23704.66,21.4,31.2,-99,-99,0
1,1988,357,21246.89,22,31.46,-99,-99,0
1,1988,358,20085.81,22.2,29.26,-99,-99,1.2
1,1988,359,20481.72,23,30,-99,-99,1.8
1,1988,360,13482.49,22.8,28.13,-99,-99,0
1,1988,361,17383.21,21.8,30.08,-99,-99,0
1,1988,362,19599.96,22,30.36,-99,-99,0
1,1988,363,12333.6,22,31.46,-99,-99,7.4
1,1988,364,18322.49,21,28.64,-99,-99,0
1,1988,365,18334.63,21,29.58,-99,-99,0
1,1988,366,17436.35,22,28.91,-99,-99,1.8
