-75,3.91,415,0,0
1,2002,1,22514.04,24.58,32.77,-99,-99,0
1,2002,2,22270.51,23.6,34.2,-99,-99,0
1,2002,3,21897.32,23.05,33.2,-99,-99,0
1,2002,4,22177.07,23.88,34,-99,-99,0
1,2002,5,22980.79,22.6,35.31,-99,-99,0
1,2002,6,21172.4,23,35.69,-99,-99,0
1,2002,7,21455.25,25.07,33.6,-99,-99,0
1,2002,8,23180.41,23,30.11,-99,-99,0
1,2002,9,21632.07,23.6,31.63,-99,-99,0
1,2002,10,23756.62,22.8,32.16,-99,-99,0
1,2002,11,21944.59,23,33.01,-99,-99,0
1,2002,12,19471.51,23,32.7,-99,-99,0
1,2002,13,21471.59,22,32.77,-99,-99,0
1,2002,14,22290.37,23,35,-99,-99,0
1,2002,15,17830.44,22.5,35.49,-99,-99,0
1,2002,16,18780.24,24.34,35.3,-99,-99,0
1,2002,17,21586.38,23.4,35.14,-99,-99,48.5
1,2002,18,22014.56,21.8,35.22,-99,-99,0
1,2002,19,22311.74,21.6,35.97,-99,-99,0
1,2002,20,20217.72,21.8,34.17,-99,-99,0
1,2002,21,22244.67,23.8,34.6,-99,-99,0
1,2002,22,19612.38,21,35.18,-99,-99,0
1,2002,23,19375.76,21.6,35.22,-99,-99,0
1,2002,24,18202.96,23,35.67,-99,-99,0
1,2002,25,21579.18,22.15,36.45,-99,-99,0
1,2002,26,16518.2,22.6,36.82,-99,-99,0
1,2002,27,21916.9,21.8,36.46,-99,-99,0
1,2002,28,16303.56,22,35.56,-99,-99,0
1,2002,29,18216.5,22.93,35.96,-99,-99,0
1,2002,30,20405.26,23.96,35.4,-99,-99,0
1,2002,31,18682.47,24,34.2,-99,-99,5
1,2002,32,21149.5,23.98,34.5,-99,-99,0.2
1,2002,33,24437.39,22.8,37.46,-99,-99,0
1,2002,34,10495.86,24,36.26,-99,-99,0
1,2002,35,17448.15,23,29.62,-99,-99,0
1,2002,36,24013.31,22.2,35.06,-99,-99,0
1,2002,37,23098.03,24.58,32.6,-99,-99,0
1,2002,38,19721.29,23.29,32.4,-99,-99,0.5
1,2002,39,15102.98,23.72,31.97,-99,-99,0
1,2002,40,19649.09,23.2,32,-99,-99,0
1,2002,41,22836.57,23.4,33.67,-99,-99,25
1,2002,42,21224.16,23,34.2,-99,-99,0
1,2002,43,22496.25,23,35,-99,-99,0
1,2002,44,22393.62,20.92,35.89,-99,-99,0
1,2002,45,22152.22,21.8,35.89,-99,-99,2.5
1,2002,46,21356.9,22.8,35.63,-99,-99,0
1,2002,47,22772.91,22,33.79,-99,-99,10.4
1,2002,48,23360.81,22.05,35.78,-99,-99,8.2
1,2002,49,18815.93,23.6,36.16,-99,-99,0
1,2002,50,14953.24,23.6,36.57,-99,-99,45.5
1,2002,51,22347.7,25.01,37.06,-99,-99,0
1,2002,52,20567.71,22.2,37.54,-99,-99,24.9
1,2002,53,14459.89,22,35.85,-99,-99,0
1,2002,54,13781.79,23.8,35,-99,-99,0
1,2002,55,22186.49,23,37.44,-99,-99,0
1,2002,56,21654.26,24.02,38.02,-99,-99,0
1,2002,57,14396.74,24.98,36.15,-99,-99,7.8
1,2002,58,17359.04,24.77,32.8,-99,-99,0
1,2002,59,11344.15,23.85,34.29,-99,-99,0
1,2002,60,22456.12,24.7,36.93,-99,-99,0
1,2002,61,19245.48,24,35.67,-99,-99,0
1,2002,62,23768.51,23.1,37.41,-99,-99,0
1,2002,63,21537.51,24.96,35.47,-99,-99,0
1,2002,64,17610.59,25.28,34.65,-99,-99,0
1,2002,65,22704.49,24.34,35.57,-99,-99,135
1,2002,66,15242.12,23,35.17,-99,-99,20.6
1,2002,67,19492.09,23.4,36.52,-99,-99,0
1,2002,68,21061.19,21.6,37.76,-99,-99,0
1,2002,69,23196.58,22,37.48,-99,-99,0
1,2002,70,14581.73,24.4,33.58,-99,-99,71
1,2002,71,11053.17,23.98,33.6,-99,-99,1
1,2002,72,17290.17,22.8,32.4,-99,-99,0
1,2002,73,17582.44,21.8,34.2,-99,-99,2.2
1,2002,74,12065.69,24.03,33.5,-99,-99,26.2
1,2002,75,22557.42,23.6,34,-99,-99,58.4
1,2002,76,14628.2,23.6,33.41,-99,-99,1
1,2002,77,21720.37,22.8,34.2,-99,-99,20.4
1,2002,78,17472.71,22.2,32.86,-99,-99,0
1,2002,79,13223.75,23.37,32.4,-99,-99,9.7
1,2002,80,13226.63,23.14,31.03,-99,-99,13.4
1,2002,81,18898.3,22.6,32.58,-99,-99,7.4
1,2002,82,16773.25,23.6,31.15,-99,-99,15.9
1,2002,83,19465.5,23,31.57,-99,-99,1.8
1,2002,84,20030.72,23,33.31,-99,-99,0
1,2002,85,20666.77,22,33.23,-99,-99,0
1,2002,86,18325.71,23,31.2,-99,-99,0.7
1,2002,87,17755.69,23.66,30.49,-99,-99,6.5
1,2002,88,17326.69,22.4,30.49,-99,-99,0.5
1,2002,89,22976.36,22,32.89,-99,-99,3
1,2002,90,25086.49,22.2,33.6,-99,-99,0
1,2002,91,22956.55,22.67,32.4,-99,-99,0
1,2002,92,10949.58,21.67,31.49,-99,-99,0
1,2002,93,14893.88,22,33.2,-99,-99,0
1,2002,94,17422.6,22.8,32.4,-99,-99,0
1,2002,95,22621.94,23,29.89,-99,-99,0
1,2002,96,20216.27,21.8,33.46,-99,-99,55.3
1,2002,97,14015,24.18,28.91,-99,-99,7.3
1,2002,98,19903.51,22.8,29.55,-99,-99,32.4
1,2002,99,16660.51,23.1,29.52,-99,-99,0
1,2002,100,17908.23,22.34,30.45,-99,-99,0
1,2002,101,21392.76,22,32.6,-99,-99,0
1,2002,102,19554.36,21.6,33,-99,-99,0
1,2002,103,18138.33,22.8,31.12,-99,-99,0
1,2002,104,15887.63,23.2,29.11,-99,-99,0
1,2002,105,19076.94,22.21,30.75,-99,-99,0
1,2002,106,20448.2,22,33.38,-99,-99,15.5
1,2002,107,17227.75,22.8,31.52,-99,-99,9
1,2002,108,19290.67,22.27,32.4,-99,-99,0.4
1,2002,109,17604,21.95,31.46,-99,-99,59.3
1,2002,110,17444.35,21.8,32,-99,-99,4.2
1,2002,111,17008.05,22.2,32.58,-99,-99,79.3
1,2002,112,12430.53,23,32.4,-99,-99,5.4
1,2002,113,22755.09,23,33.23,-99,-99,0
1,2002,114,16116.64,23.82,30.02,-99,-99,96.4
1,2002,115,11971.68,23.8,30.91,-99,-99,6.5
1,2002,116,16073.55,23.8,31.3,-99,-99,22
1,2002,117,15777.46,23.2,30.51,-99,-99,0
1,2002,118,16576.48,21.8,32,-99,-99,7
1,2002,119,19558.29,23,30.41,-99,-99,0
1,2002,120,13665.3,21.8,32.4,-99,-99,0
1,2002,121,12284.37,21.8,32,-99,-99,0
1,2002,122,10771.73,21.6,31.8,-99,-99,0
1,2002,123,18628.82,21,32.6,-99,-99,0
1,2002,124,24698.57,21.4,32.57,-99,-99,0
1,2002,125,21008,20,32.4,-99,-99,0
1,2002,126,23001.82,20,32.83,-99,-99,0
1,2002,127,21078.69,19.91,33,-99,-99,0
1,2002,128,17681.02,21,33.46,-99,-99,0
1,2002,129,14294.47,22,33.76,-99,-99,0
1,2002,130,18566.8,22.8,33.2,-99,-99,0
1,2002,131,16395.43,22.8,33,-99,-99,0
1,2002,132,22656.39,21.6,33.27,-99,-99,0
1,2002,133,19951.47,21.8,32.6,-99,-99,0
1,2002,134,14189.48,22.67,34,-99,-99,0
1,2002,135,16165.18,23,32.86,-99,-99,0
1,2002,136,15078.55,22.93,34.5,-99,-99,0.5
1,2002,137,17312.2,23.05,32.67,-99,-99,0
1,2002,138,15565.24,22,34,-99,-99,2.5
1,2002,139,16865.82,21.8,34.68,-99,-99,0
1,2002,140,21464.12,22.8,34.5,-99,-99,26.5
1,2002,141,11148.8,23,33.75,-99,-99,1
1,2002,142,17717.48,22,32.4,-99,-99,2
1,2002,143,10462.43,21,33.2,-99,-99,0
1,2002,144,23972.1,22,33.4,-99,-99,0
1,2002,145,18827.23,22.6,32.6,-99,-99,9.4
1,2002,146,19196.01,22.4,31.4,-99,-99,4.5
1,2002,147,17341.47,23.2,31,-99,-99,7.4
1,2002,148,10268.83,23,29.24,-99,-99,4.9
1,2002,149,13648.27,23,30.54,-99,-99,13
1,2002,150,16368.44,22.8,28.72,-99,-99,0
1,2002,151,14789.03,22,28.44,-99,-99,2.4
1,2002,152,21531.15,20,30.8,-99,-99,0
1,2002,153,14758.13,20,31.49,-99,-99,0
1,2002,154,16948.02,20.57,31.47,-99,-99,24
1,2002,155,10195.46,21,31.6,-99,-99,19.5
1,2002,156,17692.66,22.8,30.54,-99,-99,0
1,2002,157,15091.14,21.2,30,-99,-99,0
1,2002,158,19212.39,21.6,30,-99,-99,0
1,2002,159,21391.24,20,31,-99,-99,3.8
1,2002,160,16861.07,20,30.41,-99,-99,0
1,2002,161,20715.37,20,31,-99,-99,13.5
1,2002,162,17353.2,21,29.39,-99,-99,0
1,2002,163,21847.01,20,31.4,-99,-99,0.3
1,2002,164,11158.84,20,30.18,-99,-99,0
1,2002,165,20280.39,19.69,30.17,-99,-99,1.3
1,2002,166,17315.54,18.98,29.77,-99,-99,0.7
1,2002,167,22573.9,19.55,29.96,-99,-99,0
1,2002,168,18842.32,19.03,30.09,-99,-99,0
1,2002,169,21402.95,19.91,31.2,-99,-99,0
1,2002,170,21781.94,20,31.38,-99,-99,0
1,2002,171,19339.86,20,31,-99,-99,0
1,2002,172,19336.48,21.2,30.58,-99,-99,0
1,2002,173,12922.42,20,30,-99,-99,0
1,2002,174,19589.1,18.98,30,-99,-99,0
1,2002,175,18306.43,18.6,30.6,-99,-99,0
1,2002,176,19973.88,18.63,31.08,-99,-99,0
1,2002,177,19462.48,19.18,31.36,-99,-99,0
1,2002,178,18823.69,19.88,32.5,-99,-99,0
1,2002,179,15619.96,20.57,32.6,-99,-99,0
1,2002,180,13698.7,21.6,32.6,-99,-99,0
1,2002,181,22430.37,21.6,32.4,-99,-99,0
1,2002,182,19612.97,20,32.6,-99,-99,0
1,2002,183,18207.33,20,33.49,-99,-99,0
1,2002,184,18985.99,21.6,34.53,-99,-99,0
1,2002,185,21180.6,22.45,34.4,-99,-99,0.2
1,2002,186,17846.76,22.6,32,-99,-99,13.6
1,2002,187,11420.5,23,30.97,-99,-99,0
1,2002,188,20443.48,21.55,32.04,-99,-99,0
1,2002,189,23936.94,20.7,33.2,-99,-99,0
1,2002,190,18149.03,20,33.4,-99,-99,0
1,2002,191,17774.94,21,33.2,-99,-99,0
1,2002,192,13912.52,20.03,32.5,-99,-99,0
1,2002,193,20647.76,21,33.41,-99,-99,0
1,2002,194,23254,21,33.2,-99,-99,0
1,2002,195,18351.78,21,32.97,-99,-99,0
1,2002,196,17849.89,20.8,33,-99,-99,0
1,2002,197,13323.25,20.5,33.47,-99,-99,0
1,2002,198,20223.62,21.8,33.2,-99,-99,0
1,2002,199,17772.49,20.6,31.83,-99,-99,0
1,2002,200,20656.48,20,33.52,-99,-99,0
1,2002,201,20939.73,20,33.96,-99,-99,0
1,2002,202,14696.5,22.5,34.49,-99,-99,0
1,2002,203,21509.9,21,35.11,-99,-99,1.4
1,2002,204,17608.73,20,35.09,-99,-99,0
1,2002,205,13304.93,20.8,34.59,-99,-99,60.5
1,2002,206,18437.79,20,33.2,-99,-99,0
1,2002,207,23847.25,18.97,33.65,-99,-99,0
1,2002,208,15851.83,19.03,34.48,-99,-99,0
1,2002,209,16003.2,21.6,33.2,-99,-99,0
1,2002,210,19057.6,20,34.15,-99,-99,0
1,2002,211,19610.59,18.68,34.2,-99,-99,0
1,2002,212,14079.58,20,33.6,-99,-99,0
1,2002,213,13964.96,21,34.6,-99,-99,0
1,2002,214,22474.13,19.4,34.96,-99,-99,0
1,2002,215,14000.7,20,33.75,-99,-99,0
1,2002,216,22933.85,21,34.5,-99,-99,0
1,2002,217,23231.42,20,35.35,-99,-99,0
1,2002,218,23663.31,20,35.42,-99,-99,0
1,2002,219,20354.35,21,33.92,-99,-99,0
1,2002,220,18909.41,19.37,34.65,-99,-99,0.6
1,2002,221,15181.52,20,34.2,-99,-99,0
1,2002,222,16543.43,19.06,34,-99,-99,0
1,2002,223,16296.05,21,34.78,-99,-99,0
1,2002,224,19547.93,21,35.15,-99,-99,0
1,2002,225,17686,22,35.96,-99,-99,0
1,2002,226,18113.62,22,35.96,-99,-99,0
1,2002,227,19623.77,23,33.46,-99,-99,0
1,2002,228,20054.75,21.55,34.37,-99,-99,0
1,2002,229,18588.5,21.55,35.98,-99,-99,0
1,2002,230,24041.73,20.96,36.12,-99,-99,0
1,2002,231,18497.66,21,35.31,-99,-99,0
1,2002,232,17702.74,20.8,35.41,-99,-99,0
1,2002,233,20585.58,20.84,36.14,-99,-99,0
1,2002,234,16241.81,21,35.4,-99,-99,0
1,2002,235,17489.38,20.23,35.4,-99,-99,0
1,2002,236,23938.96,21.8,36.14,-99,-99,0
1,2002,237,21362.25,23.5,37.22,-99,-99,0
1,2002,238,17818.61,22,36.31,-99,-99,0.3
1,2002,239,19209.36,22.8,36.68,-99,-99,1.1
1,2002,240,20602.66,22.2,36.76,-99,-99,0.7
1,2002,241,11814.6,24.44,33.2,-99,-99,0.6
1,2002,242,11961.85,24.18,36.17,-99,-99,0
1,2002,243,20245.42,22.6,36.01,-99,-99,0
1,2002,244,12532.01,21.85,34.96,-99,-99,1
1,2002,245,19864.14,20.84,34.6,-99,-99,0
1,2002,246,24028.3,20,35.4,-99,-99,0.9
1,2002,247,23354.17,21.2,36.51,-99,-99,0
1,2002,248,18660.29,21,36.66,-99,-99,0
1,2002,249,19642.6,22,36.88,-99,-99,0
1,2002,250,18683.03,22.2,36.91,-99,-99,0
1,2002,251,22442.31,21.8,36.74,-99,-99,0
1,2002,252,20092.1,21,36.91,-99,-99,0
1,2002,253,14679.14,22,35.76,-99,-99,0
1,2002,254,19136.29,21.8,36.72,-99,-99,0
1,2002,255,23875.98,22.2,37.79,-99,-99,0
1,2002,256,20542.31,22,37.56,-99,-99,0
1,2002,257,20687.64,23,38.02,-99,-99,0
1,2002,258,15396.28,24.16,37.47,-99,-99,0
1,2002,259,17071.7,23,38.45,-99,-99,0
1,2002,260,12495.47,23.85,37.83,-99,-99,0
1,2002,261,16516.93,23.85,36.09,-99,-99,7.6
1,2002,262,21959.33,21.6,36.62,-99,-99,0
1,2002,263,20982.8,20.8,37.24,-99,-99,0
1,2002,264,23215.35,21,37.28,-99,-99,0
1,2002,265,24749.27,20.73,37.43,-99,-99,0
1,2002,266,22373.5,23.6,34.65,-99,-99,0
1,2002,267,21671.75,24.93,35.64,-99,-99,0
1,2002,268,18037.83,23.86,32.6,-99,-99,10.5
1,2002,269,13287.22,22,33.88,-99,-99,2.5
1,2002,270,21793.77,23,34.6,-99,-99,1
1,2002,271,11322.51,22,35.42,-99,-99,0
1,2002,272,21219.03,21.8,35,-99,-99,0
1,2002,273,23858.47,21.45,36.57,-99,-99,0
1,2002,274,21895.44,21.6,36.62,-99,-99,0
1,2002,275,24948.66,21.85,36.51,-99,-99,0
1,2002,276,23680.96,22,36.41,-99,-99,0
1,2002,277,23248.57,21.8,37.21,-99,-99,0
1,2002,278,23789.46,20.33,37.08,-99,-99,0.6
1,2002,279,23911.58,22,37.46,-99,-99,0
1,2002,280,20697.61,22.6,37.4,-99,-99,0
1,2002,281,22069.39,22,35.6,-99,-99,5.2
1,2002,282,18859.11,20,35.63,-99,-99,0.9
1,2002,283,23972.49,21.8,35.5,-99,-99,0
1,2002,284,12589.16,22.1,35.97,-99,-99,0
1,2002,285,12852.61,23.2,32.4,-99,-99,0
1,2002,286,23074.31,21,37.38,-99,-99,0
1,2002,287,24017.98,21.6,37.66,-99,-99,0
1,2002,288,17227.2,24.55,32.6,-99,-99,5.6
1,2002,289,18724.87,22.8,34.2,-99,-99,33.2
1,2002,290,12364.46,22.6,33.27,-99,-99,0
1,2002,291,17304.41,21.8,31.15,-99,-99,0
1,2002,292,18933.25,25.4,34.6,-99,-99,0
1,2002,293,18634.99,24.6,34,-99,-99,90
1,2002,294,22864.73,21.4,32.6,-99,-99,5.2
1,2002,295,15434.95,22.2,28.4,-99,-99,0
1,2002,296,18288.79,24.2,31.8,-99,-99,0.4
1,2002,297,22366.02,22.8,31.8,-99,-99,20.6
1,2002,298,19877.96,21.6,30,-99,-99,1.7
1,2002,299,20805.42,23.8,31.8,-99,-99,108.5
1,2002,300,19414.38,21.2,29.4,-99,-99,0
1,2002,301,21291.7,23.6,31.4,-99,-99,0
1,2002,302,20718.14,23.8,30.8,-99,-99,46.2
1,2002,303,15939.12,21.8,28.8,-99,-99,0.3
1,2002,304,19574.62,24,31.6,-99,-99,12.5
1,2002,305,16974.65,22.2,30.4,-99,-99,31.7
1,2002,306,14651.75,21.6,28.6,-99,-99,1
1,2002,307,11525.08,24,28.6,-99,-99,4.7
1,2002,308,19460.16,23.2,31.8,-99,-99,0.6
1,2002,309,18758.37,22.4,30.4,-99,-99,0.5
1,2002,310,15235.33,23,29.2,-99,-99,1.6
1,2002,311,16957.63,21.8,30.2,-99,-99,6
1,2002,312,13848.77,20.6,28.6,-99,-99,6.7
1,2002,313,20388.43,23.4,31.4,-99,-99,1
1,2002,314,21027.35,23.2,32,-99,-99,0
1,2002,315,16724.04,24.2,31.8,-99,-99,0
1,2002,316,18833.34,23.8,32.4,-99,-99,0.3
1,2002,317,15876.47,22.2,29.4,-99,-99,29
1,2002,318,15853.67,21.4,29.4,-99,-99,10.5
1,2002,319,22472.8,22.6,34,-99,-99,0
1,2002,320,22044.14,22.4,33.8,-99,-99,0
1,2002,321,17244.58,23.8,32,-99,-99,0
1,2002,322,21455.92,22.2,31.6,-99,-99,6.2
1,2002,323,20502.72,22.2,31.6,-99,-99,0
1,2002,324,23116.63,23.4,33.2,-99,-99,13.2
1,2002,325,14385.17,22.8,30.2,-99,-99,33
1,2002,326,15552.32,23.4,31.8,-99,-99,0
1,2002,327,18559.1,23.6,32.6,-99,-99,0
1,2002,328,16960.27,23.6,31,-99,-99,0
1,2002,329,23241.96,23.8,34,-99,-99,0
1,2002,330,18364.35,25.2,33.4,-99,-99,0
1,2002,331,18344.63,25,34.8,-99,-99,0
1,2002,332,20681.53,23.6,34.6,-99,-99,0
1,2002,333,20268.78,24.4,33.79,-99,-99,0
1,2002,334,13063.96,22.6,34.2,-99,-99,87
1,2002,335,21797.56,21.8,31.8,-99,-99,0
1,2002,336,23213.51,24.8,34.6,-99,-99,0
1,2002,337,18893.7,24.6,35.4,-99,-99,0
1,2002,338,21092.97,23,35.4,-99,-99,12.7
1,2002,339,20166.58,23.6,33.6,-99,-99,1
1,2002,340,20022.75,24,32.8,-99,-99,0
1,2002,341,15070.53,24.8,32,-99,-99,0
1,2002,342,12203.35,24,31.8,-99,-99,0
1,2002,343,10378.61,23.4,29.6,-99,-99,0
1,2002,344,18031.08,24.6,33,-99,-99,0
1,2002,345,20099.1,22.4,32.6,-99,-99,0
1,2002,346,23204.2,23.4,34,-99,-99,0
1,2002,347,21900.15,24,34.4,-99,-99,0
1,2002,348,12690.87,25.2,30.6,-99,-99,4.3
1,2002,349,9836.79,24,27.4,-99,-99,3.5
1,2002,350,13592.85,22.8,30.4,-99,-99,53.5
1,2002,351,9833.83,21.6,26.4,-99,-99,1.6
1,2002,352,12165.34,23.6,29.4,-99,-99,0
1,2002,353,19032.2,23.6,32.4,-99,-99,0
1,2002,354,13591.3,24.8,30.4,-99,-99,42.5
1,2002,355,21627.24,21.6,30.4,-99,-99,0
1,2002,356,22019.75,23.4,33,-99,-99,0
1,2002,357,20339.43,24,33.6,-99,-99,0
1,2002,358,20085.81,24.4,34,-99,-99,0
1,2002,359,22297.73,22.6,34.2,-99,-99,3
1,2002,360,17894.46,24.6,35,-99,-99,41.2
1,2002,361,21797.07,22.8,34.29,-99,-99,0
1,2002,362,20145.11,23.77,32,-99,-99,0
1,2002,363,14152.91,24.2,32,-99,-99,0
1,2002,364,20402.9,24.4,33.8,-99,-99,0
1,2002,365,23018.51,22.6,34.6,-99,-99,0
