-75,3.91,415,0,0
1,1986,1,19866.45,21.6,35.6,-99,-99,0
1,1986,2,22957.22,21.6,35.8,-99,-99,0
1,1986,3,19866.45,23.8,36,-99,-99,0
1,1986,4,17942.5,23.2,34.6,-99,-99,0
1,1986,5,21677.59,23.4,35.8,-99,-99,0
1,1986,6,11620.34,24.2,32.2,-99,-99,0
1,1986,7,20762.38,21.8,35,-99,-99,0
1,1986,8,17240.6,22.8,33.4,-99,-99,0
1,1986,9,19171.25,23.8,36.4,-99,-99,0
1,1986,10,20570.54,24,33.2,-99,-99,0
1,1986,11,22975.09,24,36.6,-99,-99,5
1,1986,12,18600.65,22.8,34.4,-99,-99,0
1,1986,13,20074.41,24.2,35.8,-99,-99,13.6
1,1986,14,13657.24,23.4,34,-99,-99,0
1,1986,15,19630.35,22.6,34,-99,-99,33.4
1,1986,16,10596.9,20.6,29.8,-99,-99,0
1,1986,17,15200.31,24.4,32.8,-99,-99,0
1,1986,18,10230.4,23.8,31,-99,-99,0
1,1986,19,12161.97,23.8,33,-99,-99,3.7
1,1986,20,10902.03,21.6,27,-99,-99,7
1,1986,21,19907.92,23,34,-99,-99,0
1,1986,22,16490.3,23.6,31.6,-99,-99,31.8
1,1986,23,19488.35,23.4,34.2,-99,-99,1.9
1,1986,24,10532.89,22.4,30,-99,-99,0
1,1986,25,15621.74,23.8,31.8,-99,-99,0
1,1986,26,14755.36,23,33.6,-99,-99,0
1,1986,27,9967.84,22,27.4,-99,-99,1.9
1,1986,28,21448.78,22.8,31.6,-99,-99,11.2
1,1986,29,23071.44,23.2,33.2,-99,-99,0
1,1986,30,22293.6,24,34.2,-99,-99,0
1,1986,31,12779.05,24.6,31.4,-99,-99,0
1,1986,32,23580.75,22.8,32.8,-99,-99,0
1,1986,33,19866.45,23.4,35.2,-99,-99,0
1,1986,34,13815.29,24.2,32.6,-99,-99,0
1,1986,35,12654.36,23.8,32,-99,-99,0
1,1986,36,16112.21,22.2,33.8,-99,-99,0
1,1986,37,20288.76,22.6,34.2,-99,-99,0
1,1986,38,22903.61,21.8,34,-99,-99,0
1,1986,39,23028.7,22,35,-99,-99,0
1,1986,40,16945.15,22.4,35.4,-99,-99,0
1,1986,41,11482.05,22.2,33.2,-99,-99,0
1,1986,42,20032.63,22.2,32.6,-99,-99,1.9
1,1986,43,14862.05,23.8,30.8,-99,-99,70
1,1986,44,20331.87,21,31.4,-99,-99,0
1,1986,45,14495,19,31.6,-99,-99,3.2
1,1986,46,13455.69,22.8,31.4,-99,-99,0
1,1986,47,14054.51,23.2,31,-99,-99,2.9
1,1986,48,9963.6,23.2,30.4,-99,-99,0
1,1986,49,13815.29,21.8,32,-99,-99,1.8
1,1986,50,23542.89,21.4,32.4,-99,-99,0
1,1986,51,24041.47,22.8,32.4,-99,-99,0
1,1986,52,20180.03,23.8,33.8,-99,-99,17.9
1,1986,53,15938.28,22.2,30.4,-99,-99,0
1,1986,54,16436.13,22,30,-99,-99,15.8
1,1986,55,14755.36,20.6,29.4,-99,-99,14.8
1,1986,56,11723.67,21.4,25.2,-99,-99,0.8
1,1986,57,16806.71,22,29.6,-99,-99,3.1
1,1986,58,16304.89,20.2,30.6,-99,-99,11.2
1,1986,59,15788.65,21.6,30.2,-99,-99,8.1
1,1986,60,13011.62,21.4,29.4,-99,-99,1.1
1,1986,61,15621.74,21.8,30,-99,-99,0
1,1986,62,19832.94,22.4,32.2,-99,-99,0
1,1986,63,14007.13,23.4,32.8,-99,-99,2.3
1,1986,64,20538.56,21.6,31.6,-99,-99,1.2
1,1986,65,20506.58,21.4,31.8,-99,-99,0
1,1986,66,13911.6,24,31.6,-99,-99,0.3
1,1986,67,21677.59,22.8,32.4,-99,-99,0
1,1986,68,21644.29,23.2,32,-99,-99,0
1,1986,69,18260.56,22,33.4,-99,-99,10.8
1,1986,70,12814.92,21.2,29.2,-99,-99,3.5
1,1986,71,18405.02,23.2,30.2,-99,-99,0.5
1,1986,72,10234.63,21.8,27.2,-99,-99,0
1,1986,73,22957.22,21.4,33.6,-99,-99,14.4
1,1986,74,22684.48,22.4,33.4,-99,-99,28
1,1986,75,11354.04,21,27.4,-99,-99,1.9
1,1986,76,22880.18,22,28.59,-99,-99,4.1
1,1986,77,22523.05,20.1,29.24,-99,-99,0
1,1986,78,14339.84,24.6,30.31,-99,-99,0
1,1986,79,10340.88,19.02,30.97,-99,-99,0
1,1986,80,20991.48,20.4,31.6,-99,-99,0.9
1,1986,81,12548.43,23.2,32.2,-99,-99,0
1,1986,82,21585.91,23,32.2,-99,-99,1.3
1,1986,83,14007.13,23.2,30.8,-99,-99,3.6
1,1986,84,20731.03,23.6,35.8,-99,-99,0
1,1986,85,16436.13,22.2,32.8,-99,-99,0
1,1986,86,18883.11,25.2,32.6,-99,-99,13.1
1,1986,87,13301.75,23,29.6,-99,-99,0.2
1,1986,88,18675.09,22,31.8,-99,-99,0
1,1986,89,15831.2,23.6,35.4,-99,-99,0
1,1986,90,13353.91,24.2,31.8,-99,-99,0
1,1986,91,17993.91,23.2,33.6,-99,-99,0
1,1986,92,22269.2,24.4,32.8,-99,-99,0
1,1986,93,21378.97,23.4,31.4,-99,-99,4.9
1,1986,94,18358.74,22.4,33.2,-99,-99,41.6
1,1986,95,18312.46,21.6,32.4,-99,-99,22.9
1,1986,96,20074.41,22.4,30.4,-99,-99,3.62
1,1986,97,10443.29,23.6,32.8,-99,-99,5.08
1,1986,98,19250.71,22.6,33,-99,-99,2.76
1,1986,99,19666.94,21.4,30,-99,-99,2.54
1,1986,100,16060.64,21.6,31.8,-99,-99,0.79
1,1986,101,20288.76,21.8,33.2,-99,-99,3.05
1,1986,102,17529.12,23,32.8,-99,-99,4.62
1,1986,103,23255.42,20.4,32.55,-99,-99,2.94
1,1986,104,14495,22.6,32.6,-99,-99,4.65
1,1986,105,24365.7,23.2,32.6,-99,-99,4.27
1,1986,106,22523.05,22.8,30.8,-99,-99,3.07
1,1986,107,13301.75,21.4,25.2,-99,-99,6.76
1,1986,108,19593.75,20.2,30.6,-99,-99,4.7
1,1986,109,13056.17,22.4,32.2,-99,-99,11.7
1,1986,110,19751.48,23,32.4,-99,-99,7.58
1,1986,111,17993.91,21.8,30.2,-99,-99,1.26
1,1986,112,16898.19,21.4,30.91,-99,-99,2.46
1,1986,113,12274.44,23.2,30.4,-99,-99,7.88
1,1986,114,21527.53,20.6,32.6,-99,-99,135
1,1986,115,15746.09,20.8,32.2,-99,-99,0
1,1986,116,19751.48,21,30.2,-99,-99,50.9
1,1986,117,17487.39,23.2,34.2,-99,-99,0
1,1986,118,12076.67,23.2,34,-99,-99,2.6
1,1986,119,21527.53,22.2,29.64,-99,-99,0
1,1986,120,18157.66,24.4,30.2,-99,-99,0
1,1986,121,20793.74,23.8,33.8,-99,-99,0
1,1986,122,22921.48,23.8,35.8,-99,-99,0
1,1986,123,15452.93,24,35,-99,-99,1.8
1,1986,124,10921.72,23.6,30,-99,-99,8.6
1,1986,125,19328.19,20.2,32.6,-99,-99,37
1,1986,126,18312.46,22.2,29.2,-99,-99,4.7
1,1986,127,19799.42,23.6,32.8,-99,-99,0
1,1986,128,17294.16,25.8,32.2,-99,-99,0.2
1,1986,129,19751.48,24.2,32.6,-99,-99,14.7
1,1986,130,14196.92,23.4,30.8,-99,-99,0
1,1986,131,22244.8,24.6,31.67,-99,-99,0.2
1,1986,132,13505.32,25.4,29.82,-99,-99,13.2
1,1986,133,21852.69,22,31.8,-99,-99,0
1,1986,134,16674.05,24.8,33.6,-99,-99,3.2
1,1986,135,16806.71,22.73,32.6,-99,-99,0.6
1,1986,136,24073.13,22.8,32.8,-99,-99,7.5
1,1986,137,20288.76,20.6,32.4,-99,-99,0
1,1986,138,20074.41,23.2,34.4,-99,-99,0.3
1,1986,139,18600.65,22.2,31,-99,-99,20.1
1,1986,140,16630.6,23,31.6,-99,-99,0.2
1,1986,141,13604.56,23,30.8,-99,-99,1.3
1,1986,142,15244.78,23.2,31.2,-99,-99,3.5
1,1986,143,15339.93,22.6,31.4,-99,-99,0
1,1986,144,16019.85,21.2,30.2,-99,-99,0.6
1,1986,145,20825.09,22.6,34,-99,-99,54.8
1,1986,146,10192.28,21.2,28.18,-99,-99,3.9
1,1986,147,16630.6,23.2,32,-99,-99,10.5
1,1986,148,10353.69,22,24.4,-99,-99,6.4
1,1986,149,17756.09,23,30.2,-99,-99,0
1,1986,150,24152.29,21.6,32,-99,-99,0
1,1986,151,16760.97,23.2,30.4,-99,-99,10.6
1,1986,152,18637.87,22.8,28.4,-99,-99,1
1,1986,153,13815.29,22.8,28.2,-99,-99,0.2
1,1986,154,21028.53,21,31.6,-99,-99,0
1,1986,155,20216.27,23.2,31.6,-99,-99,1.7
1,1986,156,18761.03,22.4,31.4,-99,-99,37.2
1,1986,157,10623.86,20.8,27.6,-99,-99,8.3
1,1986,158,18358.74,21.2,31.2,-99,-99,0
1,1986,159,19990.85,22.6,30.02,-99,-99,0.1
1,1986,160,17294.16,22.2,31.8,-99,-99,0.3
1,1986,161,21710.89,22.2,34.8,-99,-99,3.4
1,1986,162,17294.16,22.4,34.4,-99,-99,0.1
1,1986,163,18208.65,23.4,33.6,-99,-99,0.6
1,1986,164,14546.58,22.4,33.2,-99,-99,0.1
1,1986,165,13455.69,23,32.4,-99,-99,0
1,1986,166,16019.85,23,30.51,-99,-99,0
1,1986,167,20032.63,22,34.4,-99,-99,0
1,1986,168,20418.1,23,35.2,-99,-99,0
1,1986,169,18761.03,22.8,35,-99,-99,0
1,1986,170,15831.2,23.4,34,-99,-99,0
1,1986,171,11894.57,24.2,34,-99,-99,0
1,1986,172,11689.49,23.2,30.57,-99,-99,0
1,1986,173,11723.67,21.6,35.2,-99,-99,0
1,1986,174,15621.74,23.4,33.4,-99,-99,1.5
1,1986,175,12601.39,23.2,32.6,-99,-99,0
1,1986,176,15452.93,23.2,33,-99,-99,0
1,1986,177,15518.35,24.6,33.6,-99,-99,0
1,1986,178,12779.05,24,33.6,-99,-99,0
1,1986,179,19832.94,22.2,34,-99,-99,2.5
1,1986,180,11792.03,22.6,33.4,-99,-99,0.9
1,1986,181,11098.92,23,30.6,-99,-99,0.6
1,1986,182,20666.77,22.6,25.2,-99,-99,0
1,1986,183,10366.49,23.6,28.2,-99,-99,0
1,1986,184,15884.74,22.4,34.2,-99,-99,0
1,1986,185,18157.66,22.6,35.4,-99,-99,0
1,1986,186,20731.03,22.2,35.8,-99,-99,0
1,1986,187,19799.42,23,30.11,-99,-99,0.2
1,1986,188,15703.54,22.6,31.6,-99,-99,0
1,1986,189,15746.09,22.8,34.2,-99,-99,0
1,1986,190,21777.49,22.6,34.8,-99,-99,0
1,1986,191,15580.84,24.8,35.4,-99,-99,0
1,1986,192,21378.97,23,35.4,-99,-99,0
1,1986,193,18405.02,23.4,36.6,-99,-99,0
1,1986,194,23050.07,21.8,36.6,-99,-99,0
1,1986,195,12922.51,24.8,35.6,-99,-99,0
1,1986,196,20032.63,22.8,35.8,-99,-99,0
1,1986,197,13505.32,22.8,32.4,-99,-99,0
1,1986,198,12133.54,22.4,35,-99,-99,0
1,1986,199,16304.89,19.01,34.6,-99,-99,0
1,1986,200,23353.83,20.2,36.2,-99,-99,0
1,1986,201,24168.13,21.6,38.4,-99,-99,0
1,1986,202,14755.36,21.6,35.2,-99,-99,0
1,1986,203,10520.09,24.2,32,-99,-99,0
1,1986,204,16587.54,22,33,-99,-99,0
1,1986,205,23353.83,24,32.2,-99,-99,0
1,1986,206,20991.48,23.2,35.2,-99,-99,0
1,1986,207,18525.97,22,34.6,-99,-99,0
1,1986,208,14292.2,25.2,34,-99,-99,0
1,1986,209,16210.82,22.4,32.6,-99,-99,0
1,1986,210,18919.79,21.6,35.2,-99,-99,0
1,1986,211,17570.85,21.2,33,-99,-99,0
1,1986,212,17487.39,23.4,35.6,-99,-99,0
1,1986,213,15746.09,22.6,36,-99,-99,0
1,1986,214,16992.1,21.6,35.4,-99,-99,0
1,1986,215,16544.48,24.2,36.4,-99,-99,0
1,1986,216,17487.39,25.2,37.2,-99,-99,0
1,1986,217,17622.93,22.6,35.6,-99,-99,0
1,1986,218,20145.11,20.8,36,-99,-99,0
1,1986,219,21348.54,22.4,35,-99,-99,0
1,1986,220,16760.97,27,35.6,-99,-99,0
1,1986,221,21285.3,27,36.2,-99,-99,0
1,1986,222,22078.64,27.2,35.22,-99,-99,0
1,1986,223,12161.97,22,35.4,-99,-99,0
1,1986,224,11039.86,23.37,36.6,-99,-99,0
1,1986,225,10192.28,22,37.4,-99,-99,0
1,1986,226,19558.62,23,35.6,-99,-99,0
1,1986,227,16898.19,22.4,33.6,-99,-99,0
1,1986,228,13056.17,22.8,32.86,-99,-99,0
1,1986,229,14292.2,21.8,36.2,-99,-99,3.4
1,1986,230,20570.54,21.4,33.6,-99,-99,0
1,1986,231,24088.96,23.4,37.6,-99,-99,0
1,1986,232,16544.48,23.6,34.2,-99,-99,2.8
1,1986,233,11585.77,22.6,33.2,-99,-99,0
1,1986,234,21677.59,22.4,36.4,-99,-99,0
1,1986,235,22051.18,24.4,37,-99,-99,0
1,1986,236,15200.31,23.4,36.6,-99,-99,46.5
1,1986,237,21252.48,21.4,33,-99,-99,0
1,1986,238,17796.63,22.4,33.6,-99,-99,0
1,1986,239,20954.44,22.4,35.8,-99,-99,0.4
1,1986,240,20506.58,22.8,38,-99,-99,0
1,1986,241,13709.92,23.6,36.4,-99,-99,0
1,1986,242,12601.39,22.8,36.4,-99,-99,0
1,1986,243,22710.65,22.6,35,-99,-99,6.6
1,1986,244,18846.43,20.6,33,-99,-99,0
1,1986,245,12316.46,24.4,32.4,-99,-99,8.5
1,1986,246,19370.49,22,33.8,-99,-99,0
1,1986,247,12654.36,22.8,34,-99,-99,0
1,1986,248,24365.7,22.6,37.4,-99,-99,1.7
1,1986,249,20634.64,22,36.2,-99,-99,0.2
1,1986,250,17196.19,24,33,-99,-99,0
1,1986,251,24073.13,22,33.76,-99,-99,0
1,1986,252,20570.54,22,36.4,-99,-99,0.2
1,1986,253,13455.69,24,35.2,-99,-99,0
1,1986,254,10558.49,24.6,33.8,-99,-99,0
1,1986,255,14244.56,22.6,35,-99,-99,0
1,1986,256,19907.92,24,35.8,-99,-99,0
1,1986,257,19949.39,24.6,35.6,-99,-99,0
1,1986,258,23255.42,23.2,35.2,-99,-99,0
1,1986,259,24922.1,22.4,38.8,-99,-99,27.8
1,1986,260,20506.58,21.5,33.2,-99,-99,1.1
1,1986,261,21219.67,23.8,36.8,-99,-99,0
1,1986,262,17756.09,25,35.8,-99,-99,0
1,1986,263,11689.49,21.8,35.4,-99,-99,0
1,1986,264,15884.74,23,35,-99,-99,0
1,1986,265,16163.78,23,35.25,-99,-99,0
1,1986,266,19751.48,22.6,32.6,-99,-99,0.6
1,1986,267,19171.25,22.8,33.4,-99,-99,1.4
1,1986,268,16544.48,21.6,30.6,-99,-99,0.4
1,1986,269,18358.74,21.2,33.4,-99,-99,1.2
1,1986,270,14495,21.95,34.2,-99,-99,98.4
1,1986,271,16630.6,22,31.2,-99,-99,29.5
1,1986,272,13455.69,21,31.2,-99,-99,0
1,1986,273,21106.01,23.4,32,-99,-99,0.6
1,1986,274,20216.27,24.2,37,-99,-99,42.5
1,1986,275,10260.04,21.4,29.8,-99,-99,0
1,1986,276,18045.31,22.6,31.8,-99,-99,27.5
1,1986,277,10404.89,22,25.93,-99,-99,0
1,1986,278,22293.6,22,31.1,-99,-99,0
1,1986,279,14598.16,23.6,34.8,-99,-99,63.9
1,1986,280,16210.82,21,29.15,-99,-99,18.5
1,1986,281,18919.79,22.2,30,-99,-99,49.9
1,1986,282,10315.28,22.2,31,-99,-99,12.3
1,1986,283,14755.36,22.8,32,-99,-99,0
1,1986,284,10086.41,23.4,30,-99,-99,0.3
1,1986,285,16587.54,22.4,28.53,-99,-99,0
1,1986,286,12707.32,22.6,30.4,-99,-99,0
1,1986,287,10863.88,22.4,31.55,-99,-99,18.4
1,1986,288,11447.47,22.6,30.4,-99,-99,0
1,1986,289,17756.09,21.8,31.4,-99,-99,1.6
1,1986,290,19799.42,24,26.43,-99,-99,5.7
1,1986,291,15452.93,22,30.63,-99,-99,2.9
1,1986,292,16717.51,23,28.89,-99,-99,81.4
1,1986,293,11079.23,22,29.31,-99,-99,1.5
1,1986,294,15831.2,20.3,32,-99,-99,2.6
1,1986,295,19799.42,22,30.51,-99,-99,0.3
1,1986,296,20634.64,21.8,34.4,-99,-99,0
1,1986,297,15452.93,23,31.6,-99,-99,0
1,1986,298,15292.36,22.15,30.53,-99,-99,0.7
1,1986,299,12400.49,19.6,33.4,-99,-99,9.4
1,1986,300,18157.66,20.8,32,-99,-99,2.4
1,1986,301,17756.09,21,29.77,-99,-99,0.5
1,1986,302,10980.79,21.2,30.2,-99,-99,0
1,1986,303,18675.09,22,29.8,-99,-99,6.7
1,1986,304,23438.89,21.4,30,-99,-99,2.3
1,1986,305,10328.08,22.15,29.2,-99,-99,68.4
1,1986,306,20288.76,20.8,31.2,-99,-99,0.1
1,1986,307,13100.72,20.4,32.6,-99,-99,0
1,1986,308,17347.73,22.6,31.63,-99,-99,0
1,1986,309,19866.45,22.57,31.55,-99,-99,5.2
1,1986,310,24935.96,21.6,30.2,-99,-99,0
1,1986,311,10213.46,23.8,31.12,-99,-99,2.2
1,1986,312,15746.09,23.2,32,-99,-99,0
1,1986,313,15339.93,23,32.6,-99,-99,0
1,1986,314,20180.03,22.8,34,-99,-99,0
1,1986,315,22833.3,22.4,30.44,-99,-99,0
1,1986,316,11928.75,23.4,34.8,-99,-99,0
1,1986,317,16019.85,20.2,33.6,-99,-99,0
1,1986,318,20032.63,22.2,34,-99,-99,0
1,1986,319,20634.64,23.4,31.36,-99,-99,0
1,1986,320,19907.92,23.8,31.9,-99,-99,0
1,1986,321,20145.11,23.8,35,-99,-99,1
1,1986,322,13249.59,23.4,29.44,-99,-99,10.6
1,1986,323,22975.09,21.4,28.95,-99,-99,0
1,1986,324,22367.97,24,33.2,-99,-99,0
1,1986,325,18809.75,23.2,31.48,-99,-99,0
1,1986,326,18208.65,23.8,29.82,-99,-99,0.8
1,1986,327,13100.72,22.2,33.8,-99,-99,70
1,1986,328,15111.37,21.8,29.73,-99,-99,1.1
1,1986,329,13455.69,21.2,30.54,-99,-99,0
1,1986,330,20911.32,22.54,30.45,-99,-99,0
1,1986,331,10247.33,22,32.4,-99,-99,7.4
1,1986,332,16436.13,21.4,31.4,-99,-99,0
1,1986,333,18973.13,21.4,32,-99,-99,0
1,1986,334,12358.47,22.2,30.08,-99,-99,0.5
1,1986,335,20731.03,23.4,32.8,-99,-99,0
1,1986,336,20602.52,22,32.2,-99,-99,0
1,1986,337,13353.91,22.2,34.2,-99,-99,0
1,1986,338,22244.8,21.6,37.2,-99,-99,15.5
1,1986,339,10571.29,21.6,29.6,-99,-99,0
1,1986,340,11447.47,21,31.53,-99,-99,0
1,1986,341,11757.85,23.6,37,-99,-99,50.5
1,1986,342,18675.09,21.6,31.6,-99,-99,1.1
1,1986,343,18260.56,24.4,31.6,-99,-99,0
1,1986,344,16852.45,23.8,32,-99,-99,0
1,1986,345,22684.48,21.6,34.2,-99,-99,0
1,1986,346,23050.07,22.8,33.4,-99,-99,90
1,1986,347,11962.93,19.8,30.6,-99,-99,0
1,1986,348,16304.89,23.4,32.2,-99,-99,0
1,1986,349,12358.47,24.4,31,-99,-99,0
1,1986,350,19370.49,23.6,32.6,-99,-99,0
1,1986,351,18883.11,24.8,33.6,-99,-99,0
1,1986,352,24025.63,24.2,34.2,-99,-99,0
1,1986,353,17196.19,23.6,33,-99,-99,0
1,1986,354,14755.36,23.2,33,-99,-99,5.6
1,1986,355,17570.85,25,31.6,-99,-99,15.7
1,1986,356,15621.74,23.4,33.6,-99,-99,0
1,1986,357,18919.79,23.6,33.8,-99,-99,3.5
1,1986,358,15016,22.2,31,-99,-99,0.2
1,1986,359,18712.32,23.2,32.6,-99,-99,0
1,1986,360,24614.83,23,34.4,-99,-99,0
1,1986,361,19123.2,20.14,32.2,-99,-99,0
1,1986,362,20954.44,22.6,34.4,-99,-99,0.8
1,1986,363,18675.09,21,32.4,-99,-99,0
1,1986,364,20374.99,23,34.2,-99,-99,0
1,1986,365,14897.47,22.8,33.6,-99,-99,0.4
