-75,3.91,415,0,0
1,1990,1,18087.37,20,32.6,-99,-99,20.9
1,1990,2,18622.37,19,32.2,-99,-99,0
1,1990,3,20984.58,21,32.6,-99,-99,0
1,1990,4,21655.08,22.8,33.55,-99,-99,17.1
1,1990,5,10572.77,19,33.01,-99,-99,20.7
1,1990,6,21303.13,20,31.1,-99,-99,0
1,1990,7,16351.96,21,32.27,-99,-99,0
1,1990,8,14797.47,20.8,30.46,-99,-99,0
1,1990,9,19403.05,21.6,31.55,-99,-99,5.1
1,1990,10,17849.94,19,31.8,-99,-99,0
1,1990,11,21156.15,22.6,30,-99,-99,30.8
1,1990,12,15787.94,19,31.22,-99,-99,40.3
1,1990,13,18837.35,20,30,-99,-99,0
1,1990,14,15169.28,21,31.42,-99,-99,3
1,1990,15,12416.93,19,33.46,-99,-99,0
1,1990,16,22482,20,33.4,-99,-99,0
1,1990,17,24498.72,23,32.73,-99,-99,10
1,1990,18,23207.56,20,34.93,-99,-99,0
1,1990,19,23639.11,22.8,34.5,-99,-99,0
1,1990,20,22610.3,23,33,-99,-99,0
1,1990,21,20381.15,22.8,32,-99,-99,0
1,1990,22,16013.29,20,34.2,-99,-99,0
1,1990,23,19375.76,21,34.6,-99,-99,0
1,1990,24,21946.26,23,35.18,-99,-99,0
1,1990,25,21311.4,20.4,35.15,-99,-99,0
1,1990,26,21881.74,19.8,30.83,-99,-99,5
1,1990,27,20305.4,21.8,34,-99,-99,0
1,1990,28,23835.32,20,35.12,-99,-99,0
1,1990,29,24816.88,22.8,35,-99,-99,0
1,1990,30,21754.35,23,33.76,-99,-99,0
1,1990,31,19493.17,23,35.12,-99,-99,0
1,1990,32,22908.74,24,30.45,-99,-99,0
1,1990,33,22675.44,20,33.74,-99,-99,7
1,1990,34,12396.29,19.8,32.4,-99,-99,0
1,1990,35,23294.18,20,32.4,-99,-99,20.8
1,1990,36,12303.25,19.2,33,-99,-99,9.7
1,1990,37,10551.78,18,31.53,-99,-99,0
1,1990,38,17536,19,34.4,-99,-99,9
1,1990,39,16334.07,20,29.54,-99,-99,40.4
1,1990,40,15128.31,20,32,-99,-99,10.4
1,1990,41,18446.25,19.4,32.4,-99,-99,2
1,1990,42,20124.96,20.8,31.58,-99,-99,9
1,1990,43,10524.99,18.8,32,-99,-99,5
1,1990,44,18535.24,20,31,-99,-99,0
1,1990,45,23670.17,19.6,31.46,-99,-99,0
1,1990,46,19422.27,22.8,31.26,-99,-99,5.5
1,1990,47,24848.58,19,33.4,-99,-99,0
1,1990,48,22390.85,20.6,32.5,-99,-99,0
1,1990,49,16318.45,20.8,31.49,-99,-99,0
1,1990,50,14536.45,19.8,30.45,-99,-99,8
1,1990,51,18035.45,20,30.17,-99,-99,5
1,1990,52,15135.9,19.6,31.2,-99,-99,1
1,1990,53,18922.13,20,30.7,-99,-99,0
1,1990,54,12664.93,21,31.2,-99,-99,2.7
1,1990,55,23164.86,22,32.63,-99,-99,0
1,1990,56,16197.36,22,32.5,-99,-99,0
1,1990,57,17618.33,19.8,32.6,-99,-99,0
1,1990,58,14975.42,20,32.16,-99,-99,0
1,1990,59,18782.73,20.8,32.4,-99,-99,0
1,1990,60,22315.64,22,33.2,-99,-99,0
1,1990,61,21214.01,21.8,32,-99,-99,0
1,1990,62,11665.73,19.4,31,-99,-99,36.4
1,1990,63,15199.51,19,32.2,-99,-99,0
1,1990,64,15214.39,18.2,33.2,-99,-99,0
1,1990,65,24820.31,20,34.5,-99,-99,0
1,1990,66,11289.92,22.6,34.23,-99,-99,0
1,1990,67,22599.35,20.8,34.12,-99,-99,0
1,1990,68,19365.34,19.2,33.6,-99,-99,0
1,1990,69,16409.58,20,35,-99,-99,0
1,1990,70,14157.33,23,32.97,-99,-99,0
1,1990,71,23790.46,22.8,34.48,-99,-99,0
1,1990,72,18989.13,19,33.49,-99,-99,0
1,1990,73,16874.31,20.8,34.2,-99,-99,0.8
1,1990,74,14049.01,23,35.14,-99,-99,2
1,1990,75,20998.74,21,32.6,-99,-99,0
1,1990,76,15336.81,23,34.2,-99,-99,0
1,1990,77,24271.71,22.5,33.35,-99,-99,0
1,1990,78,24276.77,23,33,-99,-99,0
1,1990,79,16200.58,22.8,34.29,-99,-99,0
1,1990,80,15352.87,21.8,35,-99,-99,0
1,1990,81,21449.57,22,33.53,-99,-99,9
1,1990,82,17765.27,22,32.5,-99,-99,27.4
1,1990,83,17765.21,20,32.63,-99,-99,0
1,1990,84,15922.68,23.93,30,-99,-99,60.9
1,1990,85,14505.15,20,31.65,-99,-99,0
1,1990,86,20449.2,19.8,33.71,-99,-99,0
1,1990,87,24548.15,20,35,-99,-99,0
1,1990,88,23267.43,22.8,33.36,-99,-99,0
1,1990,89,19583.34,20.6,33.6,-99,-99,9.8
1,1990,90,12934.87,19,33.2,-99,-99,20.5
1,1990,91,11941.9,23,32,-99,-99,0
1,1990,92,19840.27,20.8,33.23,-99,-99,0
1,1990,93,19547.67,20,33.6,-99,-99,0
1,1990,94,18409.03,21.2,30.02,-99,-99,0
1,1990,95,15018.33,21,31.6,-99,-99,40
1,1990,96,18104.17,19,32.2,-99,-99,6.5
1,1990,97,11765.95,20,33.4,-99,-99,0
1,1990,98,17375.67,21.6,34.6,-99,-99,45.2
1,1990,99,22833.69,21.4,35.22,-99,-99,0
1,1990,100,23794.85,22.4,34.23,-99,-99,0
1,1990,101,18732.57,22.6,33.92,-99,-99,0
1,1990,102,20253.64,25.6,34.5,-99,-99,0
1,1990,103,19954.41,23.8,32.4,-99,-99,0
1,1990,104,11143.45,24.2,32.89,-99,-99,0
1,1990,105,14895.95,24,35.11,-99,-99,33.2
1,1990,106,16689.99,23.2,33,-99,-99,0
1,1990,107,21259.19,20.4,33.4,-99,-99,0
1,1990,108,16652.85,21,30.41,-99,-99,30
1,1990,109,21347.46,19.4,33.62,-99,-99,17.8
1,1990,110,13982.95,22.8,32.77,-99,-99,10.8
1,1990,111,15763.69,20,33.6,-99,-99,0
1,1990,112,17815.04,20,31.78,-99,-99,10.5
1,1990,113,19859.96,20,32.5,-99,-99,4.8
1,1990,114,13776.42,19.4,29.26,-99,-99,4.7
1,1990,115,13758.56,20,31.4,-99,-99,4
1,1990,116,18818.41,19,32,-99,-99,0
1,1990,117,18655.12,20.4,33.2,-99,-99,1.6
1,1990,118,14387.4,19,33,-99,-99,20
1,1990,119,16826.25,20,32,-99,-99,0
1,1990,120,18847.91,22,32.23,-99,-99,0
1,1990,121,12284.37,21,30.29,-99,-99,1.3
1,1990,122,16345.49,19,31.4,-99,-99,16.2
1,1990,123,12521.21,22.4,29.58,-99,-99,10
1,1990,124,22124.01,20,31,-99,-99,7.4
1,1990,125,16543.74,19,31.49,-99,-99,0
1,1990,126,17464.43,23.34,30.47,-99,-99,30.8
1,1990,127,21618.03,19,30,-99,-99,0
1,1990,128,12700.3,18.6,32,-99,-99,0
1,1990,129,21686.06,20,32,-99,-99,0
1,1990,130,22994.47,20,32.2,-99,-99,0
1,1990,131,15457.76,21.6,30.73,-99,-99,0
1,1990,132,22522.65,20.4,31.8,-99,-99,0
1,1990,133,18616.31,21,32,-99,-99,0
1,1990,134,18721.72,20,32,-99,-99,0
1,1990,135,20956.33,21,32.4,-99,-99,0
1,1990,136,22785.39,22,32.86,-99,-99,0
1,1990,137,13730.18,19,32.4,-99,-99,0
1,1990,138,16227.55,20,31.6,-99,-99,0
1,1990,139,18585.17,21,32.6,-99,-99,0
1,1990,140,14465.09,22,30.6,-99,-99,0
1,1990,141,14577.16,20.8,32.4,-99,-99,0
1,1990,142,11660.84,22,30.24,-99,-99,0
1,1990,143,17562.13,19.8,32.4,-99,-99,0
1,1990,144,14781.82,20,32.6,-99,-99,0
1,1990,145,15942.87,21,34,-99,-99,0
1,1990,146,18148.57,22.2,33.2,-99,-99,0
1,1990,147,13680.32,22,33.38,-99,-99,0
1,1990,148,22282.77,21.8,30.08,-99,-99,0
1,1990,149,22516.96,20,33,-99,-99,0
1,1990,150,14935.55,19,32.8,-99,-99,0
1,1990,151,16610.54,21.8,33,-99,-99,0
1,1990,152,10614.62,20,33.2,-99,-99,0
1,1990,153,21248.87,22.2,32.4,-99,-99,0
1,1990,154,21357.02,21.8,33,-99,-99,0
1,1990,155,10972.73,22,33.33,-99,-99,0
1,1990,156,17692.66,21.8,33.2,-99,-99,0
1,1990,157,19745.79,23,34.6,-99,-99,0
1,1990,158,20762.56,22.8,34.2,-99,-99,0
1,1990,159,17260.94,23,33,-99,-99,0
1,1990,160,10541.59,21.4,33.38,-99,-99,4.3
1,1990,161,23035.07,19,30.97,-99,-99,1
1,1990,162,15163.9,20,32.16,-99,-99,0
1,1990,163,21718.31,23,32.6,-99,-99,1
1,1990,164,21191.37,21.8,33.4,-99,-99,0
1,1990,165,15395.42,24,33.4,-99,-99,0
1,1990,166,19628.32,21.8,33.78,-99,-99,0
1,1990,167,20904.29,19,32.37,-99,-99,0
1,1990,168,15376.03,20,32.77,-99,-99,0
1,1990,169,23841.37,20,33.8,-99,-99,0
1,1990,170,19472.52,23,34.6,-99,-99,0
1,1990,171,20879.12,22.8,33.6,-99,-99,0
1,1990,172,20234.22,23,33,-99,-99,0
1,1990,173,12665.95,22.8,32.8,-99,-99,0
1,1990,174,14460.13,22.8,32.6,-99,-99,0
1,1990,175,10228.43,21.6,32.8,-99,-99,0
1,1990,176,22025.51,22,34.75,-99,-99,0
1,1990,177,18564.81,18.9,34.1,-99,-99,0
1,1990,178,18695.43,21,33,-99,-99,0
1,1990,179,21520.96,22.8,34.49,-99,-99,0
1,1990,180,12928.81,22,32.94,-99,-99,0
1,1990,181,11135.27,21.6,33,-99,-99,0
1,1990,182,11652.24,21.4,32.27,-99,-99,0
1,1990,183,19234.93,20.8,32.7,-99,-99,0
1,1990,184,16287.29,21.6,33.6,-99,-99,0
1,1990,185,19251.99,22,30.57,-99,-99,0
1,1990,186,11028.55,20,33,-99,-99,0
1,1990,187,17599.21,21.6,33.55,-99,-99,0
1,1990,188,11298.2,23,33.62,-99,-99,0
1,1990,189,17621.02,20,34.6,-99,-99,30.1
1,1990,190,13376.32,20,32.4,-99,-99,13.1
1,1990,191,18420.4,23.4,31.2,-99,-99,3.2
1,1990,192,16496.54,21.2,33,-99,-99,0
1,1990,193,19871.88,21,33,-99,-99,0
1,1990,194,12770.04,21.4,34.5,-99,-99,0
1,1990,195,17185.78,23.2,34.84,-99,-99,0
1,1990,196,13959.38,21.4,34.2,-99,-99,0.5
1,1990,197,14751.24,22.4,35,-99,-99,0
1,1990,198,15675.18,22,33,-99,-99,0
1,1990,199,22846.33,22.2,34.6,-99,-99,0
1,1990,200,22219.43,20.4,34.96,-99,-99,3
1,1990,201,18331.77,23.4,34.2,-99,-99,0
1,1990,202,11302.1,22.2,34,-99,-99,0
1,1990,203,12490.64,21,33.2,-99,-99,0
1,1990,204,13028.01,22.2,32.6,-99,-99,0
1,1990,205,11339.25,22.6,34.7,-99,-99,0
1,1990,206,14632.53,24,34.54,-99,-99,0
1,1990,207,18591.68,24,34.2,-99,-99,0
1,1990,208,12299.55,20,33.18,-99,-99,0
1,1990,209,16661.93,20,33.2,-99,-99,0
1,1990,210,11273.86,21,33.31,-99,-99,0
1,1990,211,13137.09,23.6,32.67,-99,-99,0
1,1990,212,14608.78,25.4,33.21,-99,-99,0
1,1990,213,16879.68,22.2,34.6,-99,-99,0
1,1990,214,23668.23,24.4,34.78,-99,-99,0
1,1990,215,18761.03,20.06,35,-99,-99,0
1,1990,216,13863.44,20.2,35,-99,-99,0
1,1990,217,23897.7,25.4,33.8,-99,-99,0
1,1990,218,22061.9,25,35.27,-99,-99,10.8
1,1990,219,23027.26,22.4,34.89,-99,-99,0
1,1990,220,20247.82,24.2,35.2,-99,-99,0
1,1990,221,18666.46,22.8,33.41,-99,-99,0
1,1990,222,13456.1,25.4,33.6,-99,-99,0
1,1990,223,18850.16,24.4,35.17,-99,-99,0
1,1990,224,21701.88,25.2,34.23,-99,-99,0
1,1990,225,14585.26,21.8,33.88,-99,-99,0
1,1990,226,14468.41,25,34.5,-99,-99,0
1,1990,227,19218.17,23.2,36.34,-99,-99,0
1,1990,228,20867.08,24.2,35.4,-99,-99,0
1,1990,229,22113.49,23.4,36.63,-99,-99,0
1,1990,230,16439.02,27.2,37.42,-99,-99,0
1,1990,231,18497.66,24,38.08,-99,-99,0
1,1990,232,17975,24.2,37.71,-99,-99,0
1,1990,233,22084.95,26,34.2,-99,-99,0
1,1990,234,17879.61,24,34.45,-99,-99,0
1,1990,235,18992.6,27,34.59,-99,-99,0
1,1990,236,14498,20,35.96,-99,-99,0
1,1990,237,20677.29,22.8,36.16,-99,-99,0
1,1990,238,21556.72,24,34.2,-99,-99,10.2
1,1990,239,20033.24,20,32,-99,-99,0
1,1990,240,12766.99,23.4,33.2,-99,-99,50.9
1,1990,241,12777.93,19.2,33.2,-99,-99,0
1,1990,242,23396.3,20,35.41,-99,-99,0
1,1990,243,20107.52,24,36.07,-99,-99,0
1,1990,244,19848.28,22.8,36.47,-99,-99,0
1,1990,245,20140.49,20,36.23,-99,-99,0
1,1990,246,20570.75,21.8,35.21,-99,-99,0
1,1990,247,21554.67,22.8,34.5,-99,-99,0
1,1990,248,21569.62,20.8,36.41,-99,-99,0
1,1990,249,22554.26,22,35.46,-99,-99,0
1,1990,250,19238.05,23,33.79,-99,-99,0
1,1990,251,13277.88,22.6,34.5,-99,-99,0
1,1990,252,17452.08,23,35.48,-99,-99,0
1,1990,253,19962.52,23.2,36.27,-99,-99,40.5
1,1990,254,16214.82,21,36.15,-99,-99,8
1,1990,255,13575.71,22.4,35.95,-99,-99,0
1,1990,256,21656.4,20.8,35,-99,-99,0
1,1990,257,17761.82,21.4,33.2,-99,-99,0
1,1990,258,25710.47,20.8,33.41,-99,-99,0
1,1990,259,23903.81,20.8,36.09,-99,-99,0
1,1990,260,23629.02,23.2,37.15,-99,-99,0
1,1990,261,23213.45,20,37.35,-99,-99,0
1,1990,262,14284.58,19.6,32.6,-99,-99,0
1,1990,263,22378.44,22.8,35.4,-99,-99,0
1,1990,264,18888.34,20,34.5,-99,-99,0
1,1990,265,19863.58,19.8,31.48,-99,-99,9
1,1990,266,19023.23,20,34.91,-99,-99,0.5
1,1990,267,19857.06,22.6,35.14,-99,-99,0
1,1990,268,23760.65,23.2,35.4,-99,-99,0
1,1990,269,21102.84,22.8,36.43,-99,-99,1
1,1990,270,16351.66,19.6,34,-99,-99,0
1,1990,271,14949.8,23,35.4,-99,-99,0
1,1990,272,18987.43,23.6,36.31,-99,-99,0
1,1990,273,14237.66,23.37,36.28,-99,-99,0
1,1990,274,13253.72,23,32.6,-99,-99,0
1,1990,275,12827.22,19,33.18,-99,-99,10.8
1,1990,276,15185.8,20,35.21,-99,-99,0
1,1990,277,24222.94,23,35.89,-99,-99,0
1,1990,278,18920.17,19,34.41,-99,-99,0
1,1990,279,16681.4,24.47,33.67,-99,-99,10.4
1,1990,280,16945.8,19,32,-99,-99,4
1,1990,281,16792.57,20,30.31,-99,-99,0
1,1990,282,15945.02,19.4,33.22,-99,-99,20.8
1,1990,283,13018.12,20,30,-99,-99,40.2
1,1990,284,18685.55,20,32.4,-99,-99,0
1,1990,285,13821.69,21.2,31.52,-99,-99,20.3
1,1990,286,21967.73,19,32.6,-99,-99,13.4
1,1990,287,19181.06,20,32,-99,-99,1
1,1990,288,18055.62,20,34.02,-99,-99,0
1,1990,289,22311.21,21.8,32.94,-99,-99,33.6
1,1990,290,21734.77,19,30.91,-99,-99,0
1,1990,291,23361.31,24,31.4,-99,-99,0
1,1990,292,13845.35,23,28.03,-99,-99,20
1,1990,293,19047.07,22.4,30.03,-99,-99,16.6
1,1990,294,22315.9,20,31.22,-99,-99,5
1,1990,295,16668.41,19,32.4,-99,-99,4
1,1990,296,16509.2,20,30.27,-99,-99,0
1,1990,297,10607.4,21,26.8,-99,-99,0
1,1990,298,17419.84,20,32,-99,-99,12.9
1,1990,299,16304.42,19,30.45,-99,-99,5.4
1,1990,300,19550.6,20,32.4,-99,-99,16
1,1990,301,14489.21,23.63,29.6,-99,-99,0
1,1990,302,14467.9,20,30,-99,-99,10.4
1,1990,303,16753.31,19.6,30,-99,-99,1.2
1,1990,304,16593.18,20,29.37,-99,-99,6
1,1990,305,20764.2,20,32,-99,-99,10.6
1,1990,306,21815.26,20,29.9,-99,-99,0
1,1990,307,19758.82,22.87,31.32,-99,-99,0
1,1990,308,19729.75,23,29.99,-99,-99,0
1,1990,309,17277.6,23,31.48,-99,-99,0
1,1990,310,22898.05,20,31.2,-99,-99,0
1,1990,311,22327.72,22.6,31.4,-99,-99,0
1,1990,312,19211.6,23,31.9,-99,-99,2
1,1990,313,21459.55,23,31.6,-99,-99,1
1,1990,314,18754.28,24.2,31.49,-99,-99,0
1,1990,315,20329.39,20,30.94,-99,-99,0
1,1990,316,22433.9,23,31.8,-99,-99,0
1,1990,317,23068.11,23.8,34.6,-99,-99,5
1,1990,318,19178.79,21.2,32.6,-99,-99,0
1,1990,319,15034.16,23.8,32.6,-99,-99,0
1,1990,320,18727.56,23,32,-99,-99,0
1,1990,321,22279.44,23,35,-99,-99,10.3
1,1990,322,12854.35,22,30,-99,-99,0
1,1990,323,20370.55,23.6,30,-99,-99,0
1,1990,324,15063.88,21.8,32.6,-99,-99,0
1,1990,325,12671.02,23,31.73,-99,-99,0
1,1990,326,11206.02,21,30,-99,-99,0
1,1990,327,21979.62,20.8,29.71,-99,-99,8
1,1990,328,13806.31,20,31.2,-99,-99,0
1,1990,329,19697.52,20,31.8,-99,-99,0
1,1990,330,20856.02,20.8,29.89,-99,-99,0
1,1990,331,17689.58,23,30.8,-99,-99,1
1,1990,332,17147.66,20,32,-99,-99,0
1,1990,333,20007.26,23.8,31.8,-99,-99,3
1,1990,334,16983.36,22.8,31.6,-99,-99,0
1,1990,335,21275.41,23,31.6,-99,-99,13.6
1,1990,336,16561.56,20,33.2,-99,-99,16.2
1,1990,337,9900.91,19,26,-99,-99,10.5
1,1990,338,21223.2,21.6,31.4,-99,-99,6
1,1990,339,11837.17,22.6,28.6,-99,-99,0.9
1,1990,340,15990.76,22,30,-99,-99,0
1,1990,341,14810.56,22.8,30,-99,-99,0
1,1990,342,13112.77,23,28.4,-99,-99,8
1,1990,343,18818.98,20,32.2,-99,-99,0
1,1990,344,23921.41,21.8,33,-99,-99,0
1,1990,345,22304.71,23,32,-99,-99,0
1,1990,346,22815.11,23.2,32.2,-99,-99,0
1,1990,347,19695.98,22.2,32.6,-99,-99,0
1,1990,348,16320.37,24,33,-99,-99,0
1,1990,349,22148.71,20,31.6,-99,-99,0
1,1990,350,18516.89,22,31.6,-99,-99,0
1,1990,351,18774.02,23,32.6,-99,-99,0
1,1990,352,22919.02,20.8,34,-99,-99,0
1,1990,353,20068.71,20.73,32,-99,-99,0
1,1990,354,20069.89,20,35,-99,-99,0
1,1990,355,21756.83,20.8,35,-99,-99,0
1,1990,356,9836.53,20,30,-99,-99,10.2
1,1990,357,18265.23,22.2,31.32,-99,-99,6.6
1,1990,358,9841.67,20,33.6,-99,-99,0
1,1990,359,18017.14,23,35,-99,-99,0
1,1990,360,12184.86,20,30.6,-99,-99,1
1,1990,361,11411.52,23.6,28.4,-99,-99,0
1,1990,362,14144.93,23.6,30.78,-99,-99,0
1,1990,363,21430.14,22.8,33,-99,-99,0
1,1990,364,16372.1,21.8,30.47,-99,-99,12.1
1,1990,365,9877.62,20,32,-99,-99,44.9
