-75,3.91,415,0,0
1,1983,1,21201.99,23.4,32.6,-99,-99,0
1,1983,2,19445.34,23.8,31,-99,-99,0
1,1983,3,15725.94,23.6,31.2,-99,-99,15.6
1,1983,4,20596.33,23,28.6,-99,-99,1.5
1,1983,5,21093.7,23,30.8,-99,-99,0
1,1983,6,21484.82,23.8,29.8,-99,-99,0
1,1983,7,22447.85,24.2,32.4,-99,-99,0
1,1983,8,22143.7,23,33.8,-99,-99,0
1,1983,9,22718.78,23.6,32.8,-99,-99,0
1,1983,10,21440.84,24.4,32.2,-99,-99,0
1,1983,11,21606.84,22.8,33,-99,-99,0
1,1983,12,21072.02,23,32.4,-99,-99,0
1,1983,13,18815.6,23.8,33.2,-99,-99,0
1,1983,14,21837.25,24,32.8,-99,-99,0
1,1983,15,22383.32,23.8,33.4,-99,-99,0
1,1983,16,22536.52,24,33.2,-99,-99,0
1,1983,17,23421.58,23.8,33.8,-99,-99,0
1,1983,18,23955.09,23.8,34.2,-99,-99,0
1,1983,19,23588.6,23.4,33.2,-99,-99,0
1,1983,20,23287.86,23.6,35.4,-99,-99,0
1,1983,21,23863.37,23.8,36.2,-99,-99,0
1,1983,22,23566.68,23.6,37.4,-99,-99,0
1,1983,23,23506.18,23.2,37.5,-99,-99,0
1,1983,24,23434.67,23.8,37.6,-99,-99,0
1,1983,25,23476.77,23.8,35.8,-99,-99,0
1,1983,26,21083.73,24,34.8,-99,-99,3.2
1,1983,27,19370.77,22.4,34,-99,-99,39.9
1,1983,28,21553.04,23.2,34.2,-99,-99,0.6
1,1983,29,22007.75,22.4,34.8,-99,-99,0
1,1983,30,19579.99,24.2,34.2,-99,-99,0
1,1983,31,23378.15,24,33.6,-99,-99,0
1,1983,32,24045.14,23.6,37.11,-99,-99,0
1,1983,33,23954.02,24.6,36.58,-99,-99,0
1,1983,34,22610.06,23.8,35.54,-99,-99,0
1,1983,35,21104.22,25,33.8,-99,-99,0
1,1983,36,17908.98,24.78,31.42,-99,-99,0
1,1983,37,18588.98,24,31.2,-99,-99,80.9
1,1983,38,22743.85,22.4,31.2,-99,-99,0.7
1,1983,39,22781.92,22.4,31.6,-99,-99,0
1,1983,40,21919.48,23.8,32,-99,-99,0
1,1983,41,21762.18,24.6,33.2,-99,-99,0
1,1983,42,23084.26,25.2,33.4,-99,-99,0
1,1983,43,24212.36,23.8,33.8,-99,-99,0
1,1983,44,24433.75,23.6,34.6,-99,-99,0
1,1983,45,23678.73,24.2,32.2,-99,-99,1.1
1,1983,46,23348.29,24.2,35.2,-99,-99,0
1,1983,47,24119.76,25.6,34.4,-99,-99,0
1,1983,48,22864.2,23.4,34.2,-99,-99,0
1,1983,49,22914.61,25.8,30.6,-99,-99,1
1,1983,50,24147.98,23.2,33.4,-99,-99,0
1,1983,51,24482.37,23.4,34.6,-99,-99,0.4
1,1983,52,24309.57,24.8,33.6,-99,-99,0
1,1983,53,21860.95,23.8,35.2,-99,-99,0
1,1983,54,23749.28,24,34.4,-99,-99,0
1,1983,55,24524.67,23.4,36.8,-99,-99,0
1,1983,56,23829.09,23.2,36.4,-99,-99,0
1,1983,57,24281.01,23,35.4,-99,-99,0
1,1983,58,23397.8,24,37.8,-99,-99,19.3
1,1983,59,22010.48,22.4,34.2,-99,-99,0.5
1,1983,60,22731.82,23.4,37,-99,-99,0
1,1983,61,23374.72,23.4,36.6,-99,-99,0
1,1983,62,18390.62,23.6,35.4,-99,-99,0
1,1983,63,22869,23.4,35,-99,-99,0
1,1983,64,22815.52,23.6,34.4,-99,-99,46.1
1,1983,65,19571.73,22.4,33.6,-99,-99,18.7
1,1983,66,20682.66,22.4,32.4,-99,-99,0
1,1983,67,21710.1,24,32.4,-99,-99,0.4
1,1983,68,22479.89,23.4,33.6,-99,-99,21.8
1,1983,69,17943.6,21.2,32.8,-99,-99,0
1,1983,70,23473.99,23.8,33.6,-99,-99,0
1,1983,71,24335.35,23,32.8,-99,-99,0
1,1983,72,23432.72,23.2,32.6,-99,-99,50.9
1,1983,73,22493.76,22.6,31.4,-99,-99,0.1
1,1983,74,23920.96,22.6,33.6,-99,-99,0
1,1983,75,23863.47,23.4,34.8,-99,-99,0
1,1983,76,22129.84,24,34.2,-99,-99,0
1,1983,77,23546.9,23.8,33.8,-99,-99,0
1,1983,78,24446.31,24.8,34,-99,-99,0
1,1983,79,24565.7,25,36,-99,-99,0.2
1,1983,80,23772.73,23.4,34.6,-99,-99,0
1,1983,81,24320.98,23.2,35,-99,-99,0
1,1983,82,23903.84,24,34.8,-99,-99,0
1,1983,83,22831.32,23.6,34,-99,-99,0
1,1983,84,22327.42,23.8,33.4,-99,-99,5.1
1,1983,85,20266.88,22.6,34,-99,-99,22.3
1,1983,86,19549.06,22.2,32,-99,-99,1.1
1,1983,87,22520.78,23.2,32.6,-99,-99,0
1,1983,88,23676.68,24.6,33.2,-99,-99,0
1,1983,89,24304.28,22.4,32.6,-99,-99,0
1,1983,90,23739.25,24.2,33.6,-99,-99,0
1,1983,91,24156,23.4,32.6,-99,-99,0
1,1983,92,21312.7,23.8,33.4,-99,-99,0
1,1983,93,15292.65,23.6,35,-99,-99,0
1,1983,94,24051.25,24.4,35,-99,-99,0
1,1983,95,23030.41,24.2,35.8,-99,-99,36.7
1,1983,96,17635.6,22.6,35.2,-99,-99,4.7
1,1983,97,19206.11,22.8,33.6,-99,-99,0
1,1983,98,17502.82,24.2,33,-99,-99,0
1,1983,99,19576.99,23.6,32,-99,-99,25.1
1,1983,100,19816.74,22.8,32.4,-99,-99,8.8
1,1983,101,21223.38,23,31.2,-99,-99,0
1,1983,102,16320,23.4,32,-99,-99,9.1
1,1983,103,21390.02,22.2,30.2,-99,-99,12.2
1,1983,104,20854.11,22.6,29.2,-99,-99,2.2
1,1983,105,21966.94,24.2,32.8,-99,-99,0
1,1983,106,20670.5,24.2,31.8,-99,-99,0.6
1,1983,107,22138.3,24,31.6,-99,-99,0.4
1,1983,108,22875.01,24,31.8,-99,-99,0.3
1,1983,109,23023.58,23.4,33.4,-99,-99,0
1,1983,110,18768.8,24.6,34.2,-99,-99,8.5
1,1983,111,22040.23,22.8,33.4,-99,-99,6
1,1983,112,22188.81,23.8,32.4,-99,-99,0
1,1983,113,22892.86,23.6,33.2,-99,-99,5
1,1983,114,22045.26,22.2,31.4,-99,-99,0.1
1,1983,115,21664.34,23,32.8,-99,-99,20.5
1,1983,116,21785.01,22.8,28.4,-99,-99,1.2
1,1983,117,22271.75,24.2,32.8,-99,-99,0.9
1,1983,118,22027.1,23.2,31.8,-99,-99,4.9
1,1983,119,19843.86,23.2,31.2,-99,-99,2.1
1,1983,120,17329.87,23,30.8,-99,-99,0
1,1983,121,21788.63,24,34,-99,-99,2
1,1983,122,21817.32,23.2,32.4,-99,-99,0
1,1983,123,21929.34,24.2,33.8,-99,-99,14.6
1,1983,124,20606.41,22.8,33.2,-99,-99,0
1,1983,125,22649.54,23.6,33.4,-99,-99,0
1,1983,126,21783.39,24.2,32.2,-99,-99,0
1,1983,127,20855.98,23.8,31.32,-99,-99,0
1,1983,128,22577.49,22,35.2,-99,-99,0
1,1983,129,22239.87,23.4,35,-99,-99,1.8
1,1983,130,20133.12,23.6,33.2,-99,-99,0
1,1983,131,23389.81,24.2,32.2,-99,-99,0
1,1983,132,22334.74,23.6,33.6,-99,-99,0
1,1983,133,21108.56,23.4,35.4,-99,-99,0
1,1983,134,21797.58,24,34.2,-99,-99,0
1,1983,135,21904.07,24.2,34,-99,-99,24.4
1,1983,136,21439.4,22.6,32.2,-99,-99,0.6
1,1983,137,20355.72,24,31.6,-99,-99,2
1,1983,138,20669.35,22.2,30,-99,-99,34.8
1,1983,139,20981.21,23,30.8,-99,-99,0
1,1983,140,21390.71,24,31.6,-99,-99,0
1,1983,141,17441.95,23.8,33.6,-99,-99,19.9
1,1983,142,17216.52,22.6,30.8,-99,-99,5.1
1,1983,143,19241.19,23.6,31.8,-99,-99,0
1,1983,144,20601.78,24,32.2,-99,-99,34.3
1,1983,145,22241.82,23.6,32.4,-99,-99,0
1,1983,146,21937.88,24.2,33.6,-99,-99,5.9
1,1983,147,21030.32,23.4,34,-99,-99,0
1,1983,148,21008.55,24.2,32.6,-99,-99,3.6
1,1983,149,20005.28,23,31.2,-99,-99,0.4
1,1983,150,22349.48,24,32.4,-99,-99,0
1,1983,151,21931.19,24.2,34,-99,-99,0
1,1983,152,22809.63,23.8,30.8,-99,-99,0
1,1983,153,20659.71,23.2,32.6,-99,-99,0
1,1983,154,19502.34,23.6,32,-99,-99,0
1,1983,155,22374.48,23,31.4,-99,-99,37.3
1,1983,156,22015.2,21.8,30.6,-99,-99,0
1,1983,157,22962.51,23.2,30.2,-99,-99,0
1,1983,158,22094.17,22.6,31.6,-99,-99,0.9
1,1983,159,21855.09,23.4,31,-99,-99,0
1,1983,160,23264.87,23,32.4,-99,-99,0
1,1983,161,23292.3,24,33.21,-99,-99,0
1,1983,162,22333.4,23.4,33.6,-99,-99,22
1,1983,163,22424.67,21,32,-99,-99,0
1,1983,164,22980.86,23.4,32.6,-99,-99,0.4
1,1983,165,22204,23.4,34.6,-99,-99,0
1,1983,166,20998.92,22.8,34,-99,-99,0
1,1983,167,22280.66,21.8,32.4,-99,-99,0
1,1983,168,23270.41,23.4,32.2,-99,-99,0
1,1983,169,23456.63,21.8,34.8,-99,-99,0
1,1983,170,23366.4,22.4,35.4,-99,-99,0
1,1983,171,22639.37,24,33,-99,-99,0
1,1983,172,22839.57,22.8,35.6,-99,-99,0
1,1983,173,22991.61,24,36.2,-99,-99,0.2
1,1983,174,23638.35,23.2,34.4,-99,-99,0
1,1983,175,24131.79,22.2,35,-99,-99,0
1,1983,176,22109.01,21,33.8,-99,-99,0
1,1983,177,23026.7,23,32.8,-99,-99,0
1,1983,178,23959.31,23.2,35.2,-99,-99,0
1,1983,179,22954.27,22.6,33.4,-99,-99,0
1,1983,180,21024.44,22.8,32,-99,-99,0.3
1,1983,181,22823.81,22.2,35,-99,-99,0
1,1983,182,11620.34,22.4,33.2,-99,-99,0
1,1983,183,17151.79,23,35.6,-99,-99,0
1,1983,184,22342.41,22.8,34.8,-99,-99,0
1,1983,185,14649.74,22.6,33,-99,-99,0
1,1983,186,17445.65,23.2,35.2,-99,-99,0
1,1983,187,21318.11,23,35,-99,-99,8.8
1,1983,188,15703.54,23.8,34.4,-99,-99,14.2
1,1983,189,13709.92,23.2,31,-99,-99,0.4
1,1983,190,14101.89,23,31.4,-99,-99,0.9
1,1983,191,22604.88,21.6,33.6,-99,-99,0
1,1983,192,22957.22,23.2,33,-99,-99,0.7
1,1983,193,19075.15,23,33.8,-99,-99,0
1,1983,194,22419.09,23.2,35.6,-99,-99,0
1,1983,195,14101.89,23.2,36,-99,-99,0
1,1983,196,16019.85,24,36,-99,-99,0
1,1983,197,11059.54,25,36.8,-99,-99,0.2
1,1983,198,15016,22.8,35.2,-99,-99,0
1,1983,199,20462.34,22.6,36.6,-99,-99,0
1,1983,200,13762.6,24,36,-99,-99,0
1,1983,201,12161.97,24.2,35.2,-99,-99,0
1,1983,202,13657.24,23.6,35,-99,-99,0
1,1983,203,10642.32,24.2,34.2,-99,-99,0
1,1983,204,14932.89,23,33.6,-99,-99,0
1,1983,205,23656.47,23.8,35.6,-99,-99,0
1,1983,206,23092.81,22.6,35.8,-99,-99,0
1,1983,207,23071.44,22.8,35.6,-99,-99,0
1,1983,208,11826.21,21,34.2,-99,-99,0
1,1983,209,18106.66,23.8,34.8,-99,-99,0
1,1983,210,14007.13,24,36.4,-99,-99,0
1,1983,211,11620.34,23.8,34.65,-99,-99,0
1,1983,212,11860.39,23,35,-99,-99,0
1,1983,213,12105.1,23.2,35,-99,-99,0
1,1983,214,15339.93,23.6,34.82,-99,-99,0
1,1983,215,16304.89,24.2,35.38,-99,-99,0
1,1983,216,19171.25,22.6,36.4,-99,-99,5.9
1,1983,217,10679.25,23.2,35.4,-99,-99,0
1,1983,218,12967.06,23.2,34.6,-99,-99,0.2
1,1983,219,19026.47,22.2,35.8,-99,-99,0
1,1983,220,22833.3,23,36,-99,-99,0
1,1983,221,16717.51,24,35.6,-99,-99,0
1,1983,222,11354.04,23,35,-99,-99,0
1,1983,223,22217.06,22.2,35.85,-99,-99,0
1,1983,224,14196.92,24,37,-99,-99,0
1,1983,225,24949.83,23.8,37.8,-99,-99,0
1,1983,226,23375.09,24,37.8,-99,-99,0
1,1983,227,14598.16,24.2,38,-99,-99,0
1,1983,228,12274.44,23.8,37.2,-99,-99,0
1,1983,229,12048.23,23.6,35.4,-99,-99,0
1,1983,230,10090.65,24,35.2,-99,-99,0
1,1983,231,11265.75,23.8,32.4,-99,-99,0
1,1983,232,14149.27,24,35,-99,-99,0
1,1983,233,12654.36,24.4,34.8,-99,-99,1.6
1,1983,234,17529.12,22.8,35.8,-99,-99,0
1,1983,235,16436.13,23.8,36.8,-99,-99,0
1,1983,236,12048.23,24.2,36,-99,-99,0
1,1983,237,10532.89,24.8,35.2,-99,-99,0
1,1983,238,11118.61,24,36.6,-99,-99,0
1,1983,239,21488.15,24.2,36.8,-99,-99,0
1,1983,240,10468.89,24.4,35,-99,-99,1
1,1983,241,13100.72,23.4,34.2,-99,-99,0.3
1,1983,242,16717.51,23.4,36.4,-99,-99,0
1,1983,243,22244.8,23.8,37.2,-99,-99,0
1,1983,244,20110.2,23.6,35.6,-99,-99,0.9
1,1983,245,17843.86,23.8,35.8,-99,-99,0
1,1983,246,16060.64,24,36,-99,-99,0
1,1983,247,23824.66,22.8,36.2,-99,-99,2.8
1,1983,248,14292.2,24,36.6,-99,-99,0
1,1983,249,14968.31,24.2,35.67,-99,-99,12.2
1,1983,250,19593.75,23,34.2,-99,-99,0
1,1983,251,13709.92,24,33.6,-99,-99,0.4
1,1983,252,12076.67,22.8,36.24,-99,-99,0
1,1983,253,13762.6,23.8,36.8,-99,-99,0
1,1983,254,16587.54,24,35.6,-99,-99,3
1,1983,255,22133.84,21.4,34,-99,-99,0
1,1983,256,11826.21,21.6,36,-99,-99,0.2
1,1983,257,14495,22.2,34.8,-99,-99,0.6
1,1983,258,16210.82,24,34.4,-99,-99,0
1,1983,259,15111.37,22.2,33.8,-99,-99,0.2
1,1983,260,13762.6,23,33,-99,-99,0
1,1983,261,22161.58,22.8,35.6,-99,-99,0
1,1983,262,17396.69,24,35.6,-99,-99,0
1,1983,263,13911.6,24.2,36,-99,-99,0
1,1983,264,20418.1,23.8,36.4,-99,-99,32.4
1,1983,265,13762.6,20.8,35.2,-99,-99,2.9
1,1983,266,21028.53,23,34.6,-99,-99,0
1,1983,267,14546.58,24.2,34,-99,-99,0
1,1983,268,20216.27,23.8,36.4,-99,-99,0
1,1983,269,15938.28,24,36.2,-99,-99,0
1,1983,270,20288.76,24,36.4,-99,-99,6.5
1,1983,271,12886.65,21.4,34.6,-99,-99,0.2
1,1983,272,14755.36,23.6,37,-99,-99,0
1,1983,273,12076.67,23,35.76,-99,-99,0
1,1983,274,11354.04,24,35.4,-99,-99,0
1,1983,275,14495,24.2,35.4,-99,-99,0
1,1983,276,14649.74,24.4,35,-99,-99,0
1,1983,277,15746.09,24.2,34.8,-99,-99,0.1
1,1983,278,12316.46,24,36.8,-99,-99,0
1,1983,279,18045.31,24.4,37.8,-99,-99,0
1,1983,280,17294.16,22.6,37.6,-99,-99,0
1,1983,281,20954.44,22.6,36.8,-99,-99,0
1,1983,282,23204,24,36,-99,-99,0
1,1983,283,17715.55,23.4,37.8,-99,-99,0
1,1983,284,13762.6,23.6,35.2,-99,-99,0
1,1983,285,18260.56,24,34,-99,-99,2.4
1,1983,286,10192.28,22.4,33,-99,-99,4.6
1,1983,287,12922.51,24,32.4,-99,-99,2.2
1,1983,288,11039.86,23,31,-99,-99,47.1
1,1983,289,10192.28,22.2,30.8,-99,-99,0
1,1983,290,22809.86,24,32.8,-99,-99,0
1,1983,291,22604.88,23.6,33.4,-99,-99,0
1,1983,292,11516.62,24,32.8,-99,-99,1.8
1,1983,293,15200.31,22.2,32,-99,-99,0
1,1983,294,19630.35,23.2,31.4,-99,-99,0
1,1983,295,22217.06,24,33.4,-99,-99,29.5
1,1983,296,18451.29,22,30.51,-99,-99,0
1,1983,297,15703.54,24.4,31,-99,-99,0.3
1,1983,298,12105.1,23,31.4,-99,-99,0
1,1983,299,19832.94,24,32,-99,-99,2.6
1,1983,300,16348.64,22,31.8,-99,-99,0
1,1983,301,11148.04,24.2,31.6,-99,-99,0.3
1,1983,302,15155.84,24,33.4,-99,-99,60
1,1983,303,10921.72,23,31.8,-99,-99,2.6
1,1983,304,16630.6,23.4,31.6,-99,-99,0
1,1983,305,20538.56,23.2,31.4,-99,-99,0
1,1983,306,19799.42,24.2,31,-99,-99,0
1,1983,307,17891.1,23.4,30.4,-99,-99,0
1,1983,308,21969.76,23.6,31.8,-99,-99,0
1,1983,309,21815.09,24,33.2,-99,-99,0
1,1983,310,19866.45,23.6,31.8,-99,-99,0
1,1983,311,22444.65,24.6,31.6,-99,-99,0
1,1983,312,12850.78,22.4,31,-99,-99,0
1,1983,313,21916.78,23.2,29.6,-99,-99,48.7
1,1983,314,18045.31,22.8,30,-99,-99,0
1,1983,315,14808.71,24,30.2,-99,-99,1.7
1,1983,316,20331.87,23.2,31,-99,-99,0
1,1983,317,22736.81,23.6,31.8,-99,-99,0.2
1,1983,318,19832.94,22.8,32,-99,-99,0
1,1983,319,17347.73,23.2,31.8,-99,-99,27.9
1,1983,320,22078.64,21.2,31.6,-99,-99,0
1,1983,321,15016,23.4,31.6,-99,-99,0
1,1983,322,20991.48,23.6,34,-99,-99,0
1,1983,323,18809.75,24.8,34.6,-99,-99,0
1,1983,324,15979.06,22.8,35,-99,-99,0
1,1983,325,15788.65,24,36.2,-99,-99,0
1,1983,326,16257.85,23.4,34,-99,-99,0
1,1983,327,21615.1,24,33.6,-99,-99,2.1
1,1983,328,16945.15,23,31,-99,-99,3.2
1,1983,329,22939.35,23.6,33.6,-99,-99,0
1,1983,330,19412.79,23.6,33.8,-99,-99,0.4
1,1983,331,19171.25,23.8,32.4,-99,-99,0
1,1983,332,15063.68,24,33.6,-99,-99,1
1,1983,333,13505.32,24,25.03,-99,-99,9.4
1,1983,334,17240.6,22.6,32.6,-99,-99,4.5
1,1983,335,17049.74,22.4,29.2,-99,-99,0
1,1983,336,20032.63,23.6,32.2,-99,-99,0.7
1,1983,337,18846.43,22.6,31,-99,-99,0
1,1983,338,17796.63,22.6,26.57,-99,-99,0
1,1983,339,14932.89,22.8,31,-99,-99,0
1,1983,340,12922.51,22.6,31.4,-99,-99,0.4
1,1983,341,18675.09,23.2,30.8,-99,-99,30
1,1983,342,17487.39,20.2,30.2,-99,-99,13.5
1,1983,343,17843.86,21.8,30.2,-99,-99,52.3
1,1983,344,20032.63,20.8,30.4,-99,-99,8.6
1,1983,345,20180.03,23,30.4,-99,-99,0.6
1,1983,346,19593.75,21.4,30.2,-99,-99,0.2
1,1983,347,18358.74,21.15,30.6,-99,-99,14.7
1,1983,348,16760.97,22,30.2,-99,-99,0
1,1983,349,17294.16,23.4,29.8,-99,-99,0
1,1983,350,14649.74,23.2,30.4,-99,-99,1.9
1,1983,351,15111.37,21.6,29.4,-99,-99,6.9
1,1983,352,20506.58,21.8,30.8,-99,-99,0
1,1983,353,16717.51,23.4,32,-99,-99,8.9
1,1983,354,13863.44,21.2,30,-99,-99,0.3
1,1983,355,18883.11,22.6,31.6,-99,-99,0
1,1983,356,20145.11,24,33.4,-99,-99,0
1,1983,357,17294.16,23.6,32,-99,-99,0
1,1983,358,19450.57,23.4,33.2,-99,-99,0
1,1983,359,20252.51,23.6,33.2,-99,-99,0
1,1983,360,12814.92,23,31.6,-99,-99,0
1,1983,361,19412.79,23,32.8,-99,-99,42.6
1,1983,362,19832.94,21.4,32,-99,-99,0
1,1983,363,19412.79,23.4,32,-99,-99,0.7
1,1983,364,14546.58,23.8,31.4,-99,-99,15
1,1983,365,15387.5,22.6,31.4,-99,-99,0
