-75,3.91,415,0,0
1,2011,1,23295.22,22.8,33.2,-99,-99,0
1,2011,2,23182.54,23.8,33.4,-99,-99,0
1,2011,3,23331.62,22.8,33.2,-99,-99,0
1,2011,4,17870.64,22.6,31.6,-99,-99,1.5
1,2011,5,21805.29,23,32,-99,-99,0
1,2011,6,19995.83,23.4,32.4,-99,-99,29
1,2011,7,13996.6,22.2,29.2,-99,-99,3.8
1,2011,8,16893.2,22.8,30.6,-99,-99,10
1,2011,9,23992.21,21,30.54,-99,-99,4.05
1,2011,10,19666.94,20,30.41,-99,-99,0.17
1,2011,11,18525.97,21.6,32,-99,-99,0.04
1,2011,12,23776.28,21,32.3,-99,-99,1.01
1,2011,13,20634.64,20,31.65,-99,-99,4.66
1,2011,14,23800.47,22.4,32,-99,-99,0.3
1,2011,15,23752.09,22,32.4,-99,-99,0
1,2011,16,16220.03,24,30,-99,-99,2.23
1,2011,17,23824.66,23.8,32.6,-99,-99,0
1,2011,18,23472.68,21.8,34.6,-99,-99,0
1,2011,19,19258.79,23.2,35,-99,-99,0
1,2011,20,23407.83,23.6,33.8,-99,-99,0
1,2011,21,22910.22,23.4,33.4,-99,-99,0
1,2011,22,21878.48,23,33.2,-99,-99,0
1,2011,23,21244.66,23.6,33.2,-99,-99,0
1,2011,24,22481.02,23.2,34.2,-99,-99,0
1,2011,25,13278.13,23,31.8,-99,-99,0
1,2011,26,21077.21,23.2,34.4,-99,-99,0
1,2011,27,12516.5,22.7,33.4,-99,-99,0.6
1,2011,28,14689.61,24,34,-99,-99,0
1,2011,29,17677.7,24.2,33.8,-99,-99,0
1,2011,30,23777.98,23.2,33.4,-99,-99,10.7
1,2011,31,21384.81,22.8,33.8,-99,-99,20.8
1,2011,32,15736.47,22.2,30,-99,-99,0
1,2011,33,21184.55,23.2,33.2,-99,-99,0
1,2011,34,17011.6,23.8,34.8,-99,-99,0
1,2011,35,19351.51,23,33.2,-99,-99,0.01
1,2011,36,21834.7,23.8,34,-99,-99,10.5
1,2011,37,18597.74,22.8,33.6,-99,-99,3
1,2011,38,13711.75,23.2,32.6,-99,-99,0
1,2011,39,17291.58,22.4,30.6,-99,-99,10.2
1,2011,40,13762.6,22.8,30.6,-99,-99,0
1,2011,41,15290.71,23,31,-99,-99,0.5
1,2011,42,17651.76,22.6,31.8,-99,-99,0.3
1,2011,43,21533.05,23.2,33.4,-99,-99,0
1,2011,44,11507.49,24,31.4,-99,-99,20.6
1,2011,45,15252.48,21.6,29.6,-99,-99,0
1,2011,46,19975.02,24.2,32.8,-99,-99,50.8
1,2011,47,10595.62,22.8,32.2,-99,-99,0
1,2011,48,12829.84,23,30.2,-99,-99,0.6
1,2011,49,21729.66,23.8,32.8,-99,-99,0
1,2011,50,15508.96,23.4,33.2,-99,-99,0
1,2011,51,22495.77,23.8,34.2,-99,-99,0
1,2011,52,24328.19,23,34.2,-99,-99,0
1,2011,53,18224.91,23.2,32.4,-99,-99,0
1,2011,54,21181.03,23.8,34.6,-99,-99,0
1,2011,55,13241.42,24,33.2,-99,-99,7
1,2011,56,14798.16,22.8,30.8,-99,-99,0
1,2011,57,18878.96,22.8,33.2,-99,-99,0
1,2011,58,14554.79,24,31.2,-99,-99,0
1,2011,59,18361.68,23.8,34.6,-99,-99,14
1,2011,60,16555.84,21.8,33.2,-99,-99,2.4
1,2011,61,20229.74,23,32.2,-99,-99,0
1,2011,62,18139.31,22.8,33,-99,-99,0
1,2011,63,21960.05,23,32.8,-99,-99,0
1,2011,64,13804.86,23,30.2,-99,-99,2.6
1,2011,65,18049.69,22.4,31.4,-99,-99,7
1,2011,66,20041.21,23,31.8,-99,-99,0
1,2011,67,14266.26,23.4,31.8,-99,-99,0.8
1,2011,68,12157.98,22.8,29.2,-99,-99,6
1,2011,69,11319.33,21.6,28.2,-99,-99,0
1,2011,70,23635.43,21,31.8,-99,-99,0
1,2011,71,25064.18,21.8,33.4,-99,-99,0
1,2011,72,24935.46,22,33.4,-99,-99,0
1,2011,73,24947.01,22.6,33.8,-99,-99,0
1,2011,74,21557.31,22,34.8,-99,-99,0
1,2011,75,20715.34,22.6,33.6,-99,-99,0
1,2011,76,11652,23.2,32,-99,-99,0.4
1,2011,77,11798.5,23,31.6,-99,-99,0.2
1,2011,78,15488.19,24.2,32,-99,-99,3.2
1,2011,79,11239.19,23.8,30,-99,-99,35.1
1,2011,80,11525.63,21.8,28.4,-99,-99,0
1,2011,81,21733.05,22.8,32.4,-99,-99,1.6
1,2011,82,16064.66,22.4,31.2,-99,-99,0
1,2011,83,18757.04,23.6,33.2,-99,-99,20.2
1,2011,84,17480.9,22.6,31.2,-99,-99,19
1,2011,85,15779.68,22.2,30.4,-99,-99,0
1,2011,86,22855.82,22,34.4,-99,-99,0
1,2011,87,17614.18,21.6,33,-99,-99,0
1,2011,88,22560.2,23,34.2,-99,-99,0
1,2011,89,18169.59,24,33.4,-99,-99,0.7
1,2011,90,17032.51,22.6,32.6,-99,-99,0.2
1,2011,91,20697.14,22.8,33.4,-99,-99,50.2
1,2011,92,18429.05,21.6,30.8,-99,-99,70.2
1,2011,93,22086.1,21.8,31.4,-99,-99,38
1,2011,94,19677.3,22.2,30.8,-99,-99,15
1,2011,95,21969.76,24,32.2,-99,-99,35
1,2011,96,20774.11,21.4,29.4,-99,-99,1.1
1,2011,97,16898.19,23,30,-99,-99,0
1,2011,98,19903.51,24,32.6,-99,-99,29
1,2011,99,19185.9,22.6,32,-99,-99,23
1,2011,100,10900.36,21,30,-99,-99,1.6
1,2011,101,15792.37,23,31.4,-99,-99,13
1,2011,102,10883.24,22.6,28.4,-99,-99,80.2
1,2011,103,10874.02,21.6,29.8,-99,-99,0.2
1,2011,104,21050.41,23.6,32,-99,-99,3.7
1,2011,105,10854.33,23,28.2,-99,-99,8.2
1,2011,106,18917.07,23,31.8,-99,-99,30.6
1,2011,107,16760.97,22.8,30.83,-99,-99,4.4
1,2011,108,20570.54,22.8,29.88,-99,-99,15.1
1,2011,109,20731.03,22.6,29.37,-99,-99,16.81
1,2011,110,19075.15,21.9,31,-99,-99,14
1,2011,111,19558.62,22.8,28.31,-99,-99,15.25
1,2011,112,17334.94,22.6,28.11,-99,-99,27.55
1,2011,113,16806.71,22.8,27.94,-99,-99,4.32
1,2011,114,18637.87,21.8,31.4,-99,-99,6.14
1,2011,115,15703.54,20.8,30.8,-99,-99,100
1,2011,116,15250.09,24,31,-99,-99,7.4
1,2011,117,18244.03,22.4,32.2,-99,-99,10.2
1,2011,118,16302.84,22.6,31.2,-99,-99,0
1,2011,119,22973.34,24,32.8,-99,-99,0
1,2011,120,20620.91,23.6,32.4,-99,-99,24
1,2011,121,18003.32,22,32.8,-99,-99,0
1,2011,122,20559.8,22.2,33,-99,-99,4.2
1,2011,123,10621.07,22.93,29.4,-99,-99,3.3
1,2011,124,11961.3,21,30.8,-99,-99,0
1,2011,125,15867.34,23.8,32.2,-99,-99,0
1,2011,126,21111.01,24,35.8,-99,-99,0
1,2011,127,13527.87,24.8,33.4,-99,-99,0
1,2011,128,11623.39,23.8,32.2,-99,-99,0
1,2011,129,17519.89,24,34.8,-99,-99,0
1,2011,130,17493.42,25,35.2,-99,-99,0
1,2011,131,14252.19,24.8,34.2,-99,-99,12
1,2011,132,17574.51,23.2,32.4,-99,-99,1.2
1,2011,133,13676.19,24.6,31.2,-99,-99,0.6
1,2011,134,10457.05,23.8,27.8,-99,-99,0.6
1,2011,135,19758.54,23,30.65,-99,-99,3.1
1,2011,136,19215.52,23,29.8,-99,-99,1.1
1,2011,137,20894.22,21.8,31.4,-99,-99,0
1,2011,138,19274.16,22.6,30.8,-99,-99,0
1,2011,139,10517.45,23.8,29.2,-99,-99,0
1,2011,140,16181.83,22.8,32.2,-99,-99,0
1,2011,141,19060.39,24,32,-99,-99,12
1,2011,142,11529.17,23.6,29,-99,-99,2.7
1,2011,143,22426.74,23,31.8,-99,-99,0
1,2011,144,20689.86,23.4,32.4,-99,-99,56.6
1,2011,145,17385.05,21.8,31,-99,-99,0.3
1,2011,146,11602.12,22.6,30.45,-99,-99,0
1,2011,147,22571.69,23.4,30.58,-99,-99,0
1,2011,148,12880.56,23,30.6,-99,-99,0
1,2011,149,14691.65,22.8,30.4,-99,-99,0.4
1,2011,150,15065.81,23,31.8,-99,-99,0
1,2011,151,18822.37,22.8,34.6,-99,-99,0
1,2011,152,17502.43,22.8,33.6,-99,-99,41
1,2011,153,16705.35,22,30,-99,-99,10.2
1,2011,154,10334.52,22.8,28,-99,-99,0
1,2011,155,10195.46,23.6,25.6,-99,-99,6.5
1,2011,156,19633.91,22,32,-99,-99,0
1,2011,157,22719.59,22.4,33.2,-99,-99,15.5
1,2011,158,15466.15,22.8,30,-99,-99,0.2
1,2011,159,16099.3,23.2,32.2,-99,-99,0
1,2011,160,21890.87,24.8,31.6,-99,-99,0
1,2011,161,18266.78,24,34.6,-99,-99,0
1,2011,162,23405.99,24.6,34.8,-99,-99,0
1,2011,163,21996.25,23.8,35.2,-99,-99,1.28
1,2011,164,21705.86,23.6,35.6,-99,-99,0.6
1,2011,165,20408.95,22.4,34.4,-99,-99,0
1,2011,166,18857.39,23.2,32,-99,-99,0
1,2011,167,10116.07,22.4,33.4,-99,-99,0
1,2011,168,13835.46,23.6,32,-99,-99,0
1,2011,169,10328.08,23.4,28.4,-99,-99,8.7
1,2011,170,14981.97,22,30,-99,-99,0
1,2011,171,21777.02,22.6,33,-99,-99,51
1,2011,172,23312.2,22,32.2,-99,-99,0
1,2011,173,21257.58,22.6,32.4,-99,-99,0
1,2011,174,13177.89,24.2,33.2,-99,-99,10
1,2011,175,16254.88,22.2,31,-99,-99,0.6
1,2011,176,12921.39,22.8,30.2,-99,-99,0
1,2011,177,16000.04,23.8,30.6,-99,-99,5
1,2011,178,18695.43,23,31.8,-99,-99,0
1,2011,179,22803.78,19.26,34.4,-99,-99,0
1,2011,180,16649.94,22.2,33.6,-99,-99,0
1,2011,181,21916.96,23.2,33.2,-99,-99,1.4
1,2011,182,21282.15,22.8,34.6,-99,-99,0
1,2011,183,19748.74,23.2,32.6,-99,-99,0
1,2011,184,23997.85,22.8,33.8,-99,-99,0
1,2011,185,12437.55,23.6,31,-99,-99,0
1,2011,186,21834.77,21.8,33.6,-99,-99,0
1,2011,187,15024.75,23,32,-99,-99,0
1,2011,188,20572.28,22.6,34.6,-99,-99,0
1,2011,189,19941.15,23.8,34.8,-99,-99,0
1,2011,190,12860.35,23.8,34,-99,-99,0
1,2011,191,20356.81,22.2,34.6,-99,-99,0
1,2011,192,16496.54,23,32.2,-99,-99,0
1,2011,193,16121.79,22.2,32.8,-99,-99,5.05
1,2011,194,13417.2,22.6,33.6,-99,-99,0
1,2011,195,20295.1,22.2,30,-99,-99,0.7
1,2011,196,19412.79,22,32.2,-99,-99,10.5
1,2011,197,21631.55,21.4,32.4,-99,-99,0
1,2011,198,18794.11,24,34,-99,-99,0
1,2011,199,14520.02,24.2,31.4,-99,-99,0
1,2011,200,18963.28,23.4,34.2,-99,-99,0
1,2011,201,20026.94,24.6,35,-99,-99,0
1,2011,202,18221.46,23.2,35.4,-99,-99,0
1,2011,203,18764.91,22.8,35,-99,-99,0
1,2011,204,20095.41,24.6,34.8,-99,-99,0.26
1,2011,205,21167.62,24,35.2,-99,-99,0
1,2011,206,17781.71,24.8,34.8,-99,-99,0
1,2011,207,18761.03,23,35,-99,-99,0
1,2011,208,14930.87,24.2,34.6,-99,-99,0
1,2011,209,16925.42,23.6,35.2,-99,-99,0
1,2011,210,10482.29,23,30,-99,-99,0
1,2011,211,11023.29,23.4,29.6,-99,-99,8
1,2011,212,20429.93,21.8,32.4,-99,-99,0
1,2011,213,22841.61,23.2,35,-99,-99,0
1,2011,214,23933.58,24,35,-99,-99,1.4
1,2011,215,14532.17,23.2,33.2,-99,-99,0
1,2011,216,16147.69,23.8,34,-99,-99,0
1,2011,217,23364.67,24.8,37.8,-99,-99,0
1,2011,218,23930.21,22.4,37.2,-99,-99,0
1,2011,219,15944.05,21,33.6,-99,-99,1.42
1,2011,220,22269.2,20.92,34.54,-99,-99,0.27
1,2011,221,14149.27,21.2,33.41,-99,-99,0.09
1,2011,222,22809.86,20,34.44,-99,-99,0.19
1,2011,223,18846.43,20.8,34.41,-99,-99,6.93
1,2011,224,22411.94,21.6,32.4,-99,-99,0
1,2011,225,16203.04,23.2,36.2,-99,-99,0
1,2011,226,17303.57,23.8,35.2,-99,-99,0
1,2011,227,14215.81,24.2,34.8,-99,-99,0
1,2011,228,22491.74,23,37,-99,-99,0
1,2011,229,17503.88,23.8,31.8,-99,-99,0
1,2011,230,21869.52,24,36.8,-99,-99,30.2
1,2011,231,17410.09,21.4,31.2,-99,-99,0
1,2011,232,11168.6,24,28.8,-99,-99,0
1,2011,233,23993.25,22.2,31.8,-99,-99,0
1,2011,234,21428.16,23.6,33,-99,-99,2
1,2011,235,21589.06,23.8,31.4,-99,-99,0
1,2011,236,18465.94,24,33.6,-99,-99,0
1,2011,237,23675.4,22.2,35,-99,-99,0
1,2011,238,20973.16,23.8,35.2,-99,-99,0
1,2011,239,17836.23,21.4,36.8,-99,-99,0
1,2011,240,25276.57,23.8,36.2,-99,-99,0
1,2011,241,19934.08,21.6,35,-99,-99,0
1,2011,242,25600.53,22.4,37.6,-99,-99,0
1,2011,243,19969.61,24,36.4,-99,-99,0
1,2011,244,14602.65,23.2,35,-99,-99,0
1,2011,245,22074.93,21.8,37.4,-99,-99,0
1,2011,246,13517.37,23.8,34.8,-99,-99,0
1,2011,247,13941.39,22,35,-99,-99,0
1,2011,248,22955.02,22,36.8,-99,-99,0
1,2011,249,13957.93,23.4,32,-99,-99,10.9
1,2011,250,15907.92,23,34.2,-99,-99,0
1,2011,251,20637.19,23.2,35,-99,-99,0
1,2011,252,13144.67,23.2,30.8,-99,-99,50.6
1,2011,253,20518.66,22.8,31.4,-99,-99,2
1,2011,254,18023.35,23.6,34.2,-99,-99,0
1,2011,255,16637.95,24,35,-99,-99,0
1,2011,256,20681.57,22.8,34.8,-99,-99,0
1,2011,257,24588.73,22.6,36.8,-99,-99,0
1,2011,258,20971.52,21.1,36.2,-99,-99,0
1,2011,259,17211.13,23.8,34.6,-99,-99,3
1,2011,260,22094.81,21,33.4,-99,-99,0
1,2011,261,16098.4,23.8,35,-99,-99,0
1,2011,262,21401.16,23.4,36,-99,-99,0
1,2011,263,20424.54,22.4,35,-99,-99,0
1,2011,264,13911.6,23.2,33.6,-99,-99,0
1,2011,265,20980.31,23,35.8,-99,-99,0
1,2011,266,23909.04,24.2,36,-99,-99,10.3
1,2011,267,18181.97,22,33.8,-99,-99,4
1,2011,268,13012.9,22.8,32,-99,-99,0
1,2011,269,22079.79,22.4,34.6,-99,-99,0
1,2011,270,18863.4,23,35,-99,-99,10.2
1,2011,271,10903.97,21.4,30.2,-99,-99,0
1,2011,272,15918.98,22,35.2,-99,-99,0
1,2011,273,24276.76,23,35.6,-99,-99,0
1,2011,274,18410.87,24.2,34.2,-99,-99,4
1,2011,275,18400.29,21,32.6,-99,-99,0
1,2011,276,16299.92,22.8,36.2,-99,-99,10.7
1,2011,277,21299.82,21.6,31,-99,-99,2
1,2011,278,20589.64,22.8,33.8,-99,-99,0
1,2011,279,11536.85,23.4,32.6,-99,-99,3
1,2011,280,18057.45,22.8,32.8,-99,-99,2
1,2011,281,16375.98,22.4,30,-99,-99,0
1,2011,282,22883.33,23,34.2,-99,-99,10
1,2011,283,17871.33,22.2,30.6,-99,-99,0
1,2011,284,19239.77,24.2,33.6,-99,-99,0
1,2011,285,13960.13,23.4,32,-99,-99,0
1,2011,286,22133.84,22,33,-99,-99,0
1,2011,287,19457.45,23.6,32.4,-99,-99,0
1,2011,288,15294.23,23,31.6,-99,-99,0
1,2011,289,16793.76,23.05,30.97,-99,-99,0
1,2011,290,11813.27,23,30,-99,-99,60.2
1,2011,291,10834.54,21.4,29.42,-99,-99,0
1,2011,292,17283.12,22.2,30,-99,-99,0
1,2011,293,21146.43,22.4,31,-99,-99,0
1,2011,294,19708.94,22.8,31.6,-99,-99,0
1,2011,295,24231.46,21.6,32.6,-99,-99,0
1,2011,296,16235.42,22.8,32.6,-99,-99,0
1,2011,297,19358,23.2,31.4,-99,-99,0
1,2011,298,20560.77,22.8,33,-99,-99,0
1,2011,299,19987.05,23,32.1,-99,-99,10.5
1,2011,300,20367.94,22.6,33.4,-99,-99,0
1,2011,301,11654.92,24,31.8,-99,-99,0
1,2011,302,14603.77,23,29.57,-99,-99,0
1,2011,303,21095.65,23,33,-99,-99,5
1,2011,304,20929.82,23.6,32.6,-99,-99,0
1,2011,305,17922.04,23.4,32.6,-99,-99,0
1,2011,306,19247.21,23.8,33.3,-99,-99,20.4
1,2011,307,12874.87,21.2,30,-99,-99,0
1,2011,308,19864.55,22.8,33.6,-99,-99,8
1,2011,309,17681.44,23,31.4,-99,-99,40.4
1,2011,310,16630.6,21.8,29,-99,-99,0
1,2011,311,19374.17,22,33,-99,-99,70.3
1,2011,312,13312.49,22.05,30.45,-99,-99,10.2
1,2011,313,19317.31,21.6,30.8,-99,-99,0
1,2011,314,19690.25,23,32.6,-99,-99,0
1,2011,315,16189.91,23,31.6,-99,-99,0
1,2011,316,12965.75,22.8,29.6,-99,-99,0
1,2011,317,11614.76,22.2,31.8,-99,-99,0
1,2011,318,21971.88,23,33.4,-99,-99,0
1,2011,319,22472.8,23.2,33,-99,-99,0
1,2011,320,15941.63,23.6,32,-99,-99,10.5
1,2011,321,16582.1,22.2,32,-99,-99,2
1,2011,322,14971.66,23,31,-99,-99,0
1,2011,323,18387.99,23.2,32,-99,-99,3
1,2011,324,14139.79,21.4,30,-99,-99,0
1,2011,325,17549.75,23,32,-99,-99,0
1,2011,326,14366.97,22.8,34,-99,-99,20.2
1,2011,327,20137.8,21.8,31.2,-99,-99,20.5
1,2011,328,10783.77,22,29.2,-99,-99,0
1,2011,329,20091.35,23,32,-99,-99,0
1,2011,330,17315.23,22,31.8,-99,-99,3
1,2011,331,15200.4,23.2,31.6,-99,-99,0
1,2011,332,12435.84,22.6,30.2,-99,-99,3
1,2011,333,14384.46,22.8,30.2,-99,-99,0
1,2011,334,16068.83,23.6,31,-99,-99,0
1,2011,335,12398.98,23.2,30.94,-99,-99,20.5
1,2011,336,17996.3,22,29.6,-99,-99,10.3
1,2011,337,15635.44,22.4,30.33,-99,-99,0
1,2011,338,18878.96,23.4,30,-99,-99,0
1,2011,339,17693.79,24.2,30.83,-99,-99,10.5
1,2011,340,14690.12,22.6,30,-99,-99,0
1,2011,341,13250.71,22.8,29.69,-99,-99,8
1,2011,342,14541.85,22.8,30,-99,-99,30.2
1,2011,343,21026.46,22,31.28,-99,-99,0
1,2011,344,20237.57,21.8,31.78,-99,-99,0
1,2011,345,18542.2,22.2,29.57,-99,-99,4
1,2011,346,11920.63,22.4,29.58,-99,-99,3
1,2011,347,16065.57,23,30,-99,-99,4
1,2011,348,15801.87,22.8,30,-99,-99,7
1,2011,349,16446.35,23,28.51,-99,-99,3.2
1,2011,350,17609.83,23.2,30.46,-99,-99,40.3
1,2011,351,15793.95,22.4,28.93,-99,-99,6.14
1,2011,352,17354.18,23,30.02,-99,-99,11.34
1,2011,353,15662.64,22.8,29.22,-99,-99,5.87
1,2011,354,20418.1,22.6,31.6,-99,-99,0.91
1,2011,355,19990.85,21.6,31.6,-99,-99,0.05
1,2011,356,23824.66,21.4,31.8,-99,-99,0.38
1,2011,357,20991.48,22,32.4,-99,-99,0.77
1,2011,358,19026.47,23.34,32.4,-99,-99,0.62
1,2011,359,20074.41,22.8,31.2,-99,-99,0.04
1,2011,360,22217.06,21.55,31.93,-99,-99,0.13
1,2011,361,18157.66,20.39,31.69,-99,-99,0.18
1,2011,362,21378.97,21.4,31.67,-99,-99,0
1,2011,363,18701.17,22,31.8,-99,-99,10.5
1,2011,364,16762.18,22.2,32.42,-99,-99,0
1,2011,365,19115.27,22.6,32.42,-99,-99,0.04
