-75,3.91,415,0,0
1,1994,1,22217.06,20,32.6,-99,-99,0
1,1994,2,16928.59,20,33,-99,-99,0
1,1994,3,20202.23,22,32.6,-99,-99,0
1,1994,4,19828.11,21.8,33,-99,-99,0
1,1994,5,17364.53,20,33.4,-99,-99,0
1,1994,6,16989.06,23,30,-99,-99,0
1,1994,7,19623.3,20,32.6,-99,-99,0
1,1994,8,19905.82,21.2,31.4,-99,-99,0
1,1994,9,19927.53,22,32.2,-99,-99,0
1,1994,10,20081.36,21.8,31.6,-99,-99,0
1,1994,11,14717.3,20,30,-99,-99,0
1,1994,12,16182.61,21.2,33.2,-99,-99,0
1,1994,13,16203.12,20,32.6,-99,-99,0
1,1994,14,20971.65,21.4,31.8,-99,-99,41.4
1,1994,15,16246,19,34.2,-99,-99,10.2
1,1994,16,13756.42,22.8,31,-99,-99,0
1,1994,17,19865.45,22,32,-99,-99,0
1,1994,18,11012.4,21.8,32,-99,-99,0
1,1994,19,19524.27,23.4,32.8,-99,-99,0
1,1994,20,22876.14,23.4,33,-99,-99,0
1,1994,21,21712.24,22,33.2,-99,-99,0
1,1994,22,22944.87,23.4,34.2,-99,-99,0.5
1,1994,23,22045.62,23,32.4,-99,-99,0
1,1994,24,22882.09,22.6,35,-99,-99,0
1,1994,25,22918.06,23,33.6,-99,-99,0
1,1994,26,16518.2,22.6,32.4,-99,-99,4
1,1994,27,14396.58,20,31,-99,-99,40
1,1994,28,10923.73,19.8,25.4,-99,-99,10
1,1994,29,11885.53,21.2,27.8,-99,-99,80
1,1994,30,10422.01,19,25.2,-99,-99,0
1,1994,31,12061.74,20,29.2,-99,-99,5.02
1,1994,32,12353.33,19,30,-99,-99,0.3
1,1994,33,16305.29,20,29.2,-99,-99,10.7
1,1994,34,16875.86,20,31.4,-99,-99,0.6
1,1994,35,16632.42,19,32,-99,-99,0.3
1,1994,36,21426.21,19.6,33,-99,-99,0.2
1,1994,37,16961.27,21,31.6,-99,-99,0
1,1994,38,23408.96,22.8,35,-99,-99,0
1,1994,39,14008.68,21.8,30,-99,-99,0
1,1994,40,22251.96,21.6,35.4,-99,-99,10.6
1,1994,41,18034.66,20,31.2,-99,-99,0.5
1,1994,42,21361.56,21.8,35.2,-99,-99,0
1,1994,43,22221.05,22.8,34.6,-99,-99,0
1,1994,44,21291.22,19.86,34.4,-99,-99,0
1,1994,45,16218.44,21.5,31.2,-99,-99,0
1,1994,46,21909.65,23,33.2,-99,-99,0
1,1994,47,20835.61,22.8,32.2,-99,-99,0
1,1994,48,14492.63,22.8,31.2,-99,-99,0
1,1994,49,16318.45,21.8,32.4,-99,-99,0
1,1994,50,22177.55,23,35.2,-99,-99,2.7
1,1994,51,15948.87,20,32,-99,-99,0
1,1994,52,15971.56,21.6,31.6,-99,-99,35.4
1,1994,53,20456.03,20,30.4,-99,-99,28.1
1,1994,54,13083.75,19.2,30.2,-99,-99,13
1,1994,55,14918.62,20,29.6,-99,-99,2
1,1994,56,13678.79,20,29.6,-99,-99,2
1,1994,57,16077.57,19,31.2,-99,-99,14.6
1,1994,58,12872.23,21,30,-99,-99,79.5
1,1994,59,17659.93,15.4,29.6,-99,-99,3.7
1,1994,60,16696.33,19,30,-99,-99,0
1,1994,61,20932.79,20,33,-99,-99,41.7
1,1994,62,17717.12,18.2,30,-99,-99,10.1
1,1994,63,18861.47,23,30.2,-99,-99,0
1,1994,64,22262.03,22.8,31.1,-99,-99,0
1,1994,65,21858.16,23,30.7,-99,-99,0
1,1994,66,14112.92,20,29.8,-99,-99,0
1,1994,67,24294.21,21.2,35.4,-99,-99,0
1,1994,68,20213.26,22,32.2,-99,-99,0
1,1994,69,20792.85,21.8,31.2,-99,-99,0
1,1994,70,17269.55,21.6,29.6,-99,-99,0
1,1994,71,19544.7,22.6,31.6,-99,-99,0
1,1994,72,15732.8,22.2,31.44,-99,-99,30.2
1,1994,73,16591.06,20,31.6,-99,-99,2
1,1994,74,14332.34,20.4,30,-99,-99,50
1,1994,75,21565.53,19,33,-99,-99,0
1,1994,76,10943.39,20,29.6,-99,-99,0
1,1994,77,23279.52,19.8,30.2,-99,-99,0
1,1994,78,13078.42,21,32.5,-99,-99,0
1,1994,79,12514.98,22.6,29.2,-99,-99,0
1,1994,80,17620.86,21,31.2,-99,-99,0
1,1994,81,19040.04,20,31.6,-99,-99,3.2
1,1994,82,22441.96,20,32.8,-99,-99,2.4
1,1994,83,18190.28,19.6,31.6,-99,-99,0.4
1,1994,84,24705.38,20,34.2,-99,-99,0
1,1994,85,21727.51,22.8,35,-99,-99,0
1,1994,86,12663.08,21,30,-99,-99,1
1,1994,87,17331.17,22,31.8,-99,-99,22.6
1,1994,88,16760.9,21.6,32,-99,-99,3
1,1994,89,16473.08,20,32,-99,-99,80.6
1,1994,90,12510.97,20,28,-99,-99,13.7
1,1994,91,12647.97,20,33.2,-99,-99,27.5
1,1994,92,21957.1,19.8,33,-99,-99,3
1,1994,93,18842.55,21.1,31.12,-99,-99,0.8
1,1994,94,15167.89,19.8,32.2,-99,-99,0.7
1,1994,95,19805.79,21,31.2,-99,-99,30.2
1,1994,96,12476.57,21.2,30,-99,-99,0
1,1994,97,13593.31,21.2,31.2,-99,-99,0.6
1,1994,98,12741.3,19.8,30,-99,-99,0
1,1994,99,19606.8,20.8,32,-99,-99,0
1,1994,100,15105.08,22,30,-99,-99,0
1,1994,101,21392.76,20,33,-99,-99,3
1,1994,102,10883.24,20,24.2,-99,-99,4
1,1994,103,10874.02,20,31,-99,-99,0
1,1994,104,20771.35,21.8,32,-99,-99,0
1,1994,105,19355.67,20,31.6,-99,-99,0
1,1994,106,25041.56,22.8,35,-99,-99,0
1,1994,107,22093.28,22.8,33.4,-99,-99,0
1,1994,108,15542.19,21.6,32,-99,-99,0
1,1994,109,19406.41,22.8,31.4,-99,-99,4
1,1994,110,17028.98,21,31.4,-99,-99,0
1,1994,111,19773.29,20.8,33.4,-99,-99,0
1,1994,112,20852.46,22,32.6,-99,-99,2
1,1994,113,22341.5,19.8,34.2,-99,-99,0
1,1994,114,14189.4,22,31.2,-99,-99,0.6
1,1994,115,18019.6,21,31.4,-99,-99,16.3
1,1994,116,15661.82,19,30.4,-99,-99,6.9
1,1994,117,11666.51,20,31.2,-99,-99,0.4
1,1994,118,18491.93,20.2,32,-99,-99,9.2
1,1994,119,12728.19,19.2,31.2,-99,-99,42.2
1,1994,120,16392.99,20,32,-99,-99,0
1,1994,121,18139.49,21,29.6,-99,-99,0
1,1994,122,22598.99,22,35.2,-99,-99,0
1,1994,123,20936.14,20.8,34.2,-99,-99,0
1,1994,124,19413.95,21.6,32.6,-99,-99,0
1,1994,125,20196.32,20.8,33.8,-99,-99,0
1,1994,126,11116.68,20,30,-99,-99,5
1,1994,127,17438.12,21.8,32.2,-99,-99,0
1,1994,128,17007.95,21,32.08,-99,-99,30.5
1,1994,129,11472.22,21,31.4,-99,-99,0
1,1994,130,11053.18,22,31.6,-99,-99,0
1,1994,131,12242.91,20.8,30.4,-99,-99,0
1,1994,132,21185.32,22.8,33,-99,-99,0
1,1994,133,16480.04,23,32.4,-99,-99,0.3
1,1994,134,24053.77,21.6,34.2,-99,-99,0.6
1,1994,135,17229.88,20,32,-99,-99,0
1,1994,136,16938.82,21.8,33.4,-99,-99,0
1,1994,137,17975.54,22,33,-99,-99,0.9
1,1994,138,10399.26,21.6,27.2,-99,-99,1.8
1,1994,139,19246.46,20,33.2,-99,-99,24.7
1,1994,140,15653.6,19.8,32.6,-99,-99,0
1,1994,141,13390.42,20,31.4,-99,-99,0
1,1994,142,18375.81,20.8,33,-99,-99,1.3
1,1994,143,21769.36,22,33.6,-99,-99,44.4
1,1994,144,17276.33,20,32.4,-99,-99,20.1
1,1994,145,12271.87,20,31.2,-99,-99,9
1,1994,146,17624.86,19.8,32.4,-99,-99,6
1,1994,147,16164.67,21,31.8,-99,-99,0
1,1994,148,13794.66,20.6,31,-99,-99,0
1,1994,149,19647.68,22,33.4,-99,-99,0
1,1994,150,20276.31,22.6,33,-99,-99,14.1
1,1994,151,14789.03,19,30,-99,-99,0
1,1994,152,17242.52,20,33.2,-99,-99,2.8
1,1994,153,17354.42,21.6,32.4,-99,-99,0
1,1994,154,10464.2,19.8,26.2,-99,-99,4.9
1,1994,155,20947.6,20,32.6,-99,-99,2.1
1,1994,156,17951.49,20,28.2,-99,-99,0
1,1994,157,18323.54,20.8,33.2,-99,-99,0
1,1994,158,20891.74,22.8,33.2,-99,-99,0
1,1994,159,18680.73,24,34.6,-99,-99,0
1,1994,160,22406.74,23,34,-99,-99,0
1,1994,161,21488.6,21.8,33.6,-99,-99,0
1,1994,162,22504.51,23.6,34.4,-99,-99,0
1,1994,163,13867.67,20,31.5,-99,-99,35.7
1,1994,164,18233.06,19.8,34.2,-99,-99,0
1,1994,165,16552.39,20,33.4,-99,-99,0
1,1994,166,16416.12,21.2,32,-99,-99,0
1,1994,167,21546.45,20,34.2,-99,-99,0
1,1994,168,13450.32,21.8,31.6,-99,-99,0
1,1994,169,18066.17,20.6,32.2,-99,-99,0
1,1994,170,11389.53,21.8,29.78,-99,-99,0
1,1994,171,12926.27,20,31.6,-99,-99,0
1,1994,172,18182.24,21.8,32.4,-99,-99,10.8
1,1994,173,20359.94,20,33,-99,-99,0
1,1994,174,14460.13,22.6,31,-99,-99,0
1,1994,175,22409.54,20,32.4,-99,-99,6
1,1994,176,12023.8,19.8,31,-99,-99,10.8
1,1994,177,19206.01,20.4,30.6,-99,-99,0
1,1994,178,19464.97,20,30,-99,-99,0
1,1994,179,12926.02,20,31.2,-99,-99,0
1,1994,180,17419.82,21,33.2,-99,-99,0
1,1994,181,13060.57,22,32.4,-99,-99,0
1,1994,182,13835.02,22.8,31.6,-99,-99,0
1,1994,183,19363.38,20.6,33,-99,-99,0
1,1994,184,18985.99,21.8,32.4,-99,-99,0
1,1994,185,17580.52,20.6,32.4,-99,-99,0
1,1994,186,12700.94,20,29.8,-99,-99,1.5
1,1994,187,18114.1,20.8,31.4,-99,-99,0
1,1994,188,14775.98,20,30.2,-99,-99,0
1,1994,189,20198.95,20,32,-99,-99,1.8
1,1994,190,23953.67,20,35.6,-99,-99,0
1,1994,191,13127.57,21.2,31.4,-99,-99,0
1,1994,192,13008.12,20,32.6,-99,-99,0
1,1994,193,15087.28,19.8,33.6,-99,-99,0
1,1994,194,20147.64,20.8,34.2,-99,-99,0
1,1994,195,19776.88,20,32.8,-99,-99,0
1,1994,196,20573.24,20.8,32.6,-99,-99,1.25
1,1994,197,23448.99,22.8,33.4,-99,-99,0
1,1994,198,13206.02,22.8,31,-99,-99,0
1,1994,199,13609.33,20,31.4,-99,-99,0
1,1994,200,20526.23,21.6,33.2,-99,-99,0
1,1994,201,17027.79,21.8,32.6,-99,-99,0
1,1994,202,22268.64,21.8,32.4,-99,-99,0
1,1994,203,19549.19,20.8,32.4,-99,-99,0
1,1994,204,16692.59,21.8,33,-99,-99,0
1,1994,205,23657.48,20.6,33.4,-99,-99,0
1,1994,206,23292.76,21.6,33.4,-99,-99,0
1,1994,207,15044.16,20.8,35.4,-99,-99,4
1,1994,208,13878.34,21.8,31.8,-99,-99,0
1,1994,209,19033.35,20,32,-99,-99,0
1,1994,210,24862.42,20.2,33.2,-99,-99,0
1,1994,211,24498.74,21.8,34,-99,-99,1.2
1,1994,212,20165.33,22,31.6,-99,-99,0
1,1994,213,20634.64,22.8,32.4,-99,-99,0
1,1994,214,17963.1,23,35.2,-99,-99,0
1,1994,215,14399.3,21.6,31.2,-99,-99,0
1,1994,216,21603.23,22,34.2,-99,-99,0
1,1994,217,18700.72,20.8,32.4,-99,-99,0
1,1994,218,17524.59,23,31.6,-99,-99,0
1,1994,219,19953.41,23,32.4,-99,-99,0
1,1994,220,20381.66,20.6,34,-99,-99,0
1,1994,221,22955.63,22,35,-99,-99,5
1,1994,222,17885.75,20,33.4,-99,-99,0
1,1994,223,20597.71,20.8,35.4,-99,-99,0
1,1994,224,25067.41,21.6,33.6,-99,-99,0
1,1994,225,22943.79,21.8,34,-99,-99,0
1,1994,226,19058.67,20.6,33.8,-99,-99,0
1,1994,227,20705.36,22,33.4,-99,-99,0
1,1994,228,20325.53,20,34.5,-99,-99,0
1,1994,229,22791.37,20.88,35.2,-99,-99,0
1,1994,230,23362.91,21,35.2,-99,-99,0
1,1994,231,17817.93,20.6,33.4,-99,-99,0
1,1994,232,17702.74,22.8,32,-99,-99,0
1,1994,233,17347.73,20.8,33,-99,-99,0
1,1994,234,19666.94,21.6,33.8,-99,-99,0
1,1994,235,15986.17,21.6,31.2,-99,-99,0.6
1,1994,236,19971.02,22,32.6,-99,-99,0
1,1994,237,18348.43,20,31.8,-99,-99,0
1,1994,238,22604.88,22,35.2,-99,-99,0
1,1994,239,14678.03,23.2,34.6,-99,-99,0
1,1994,240,14141.67,21,33.6,-99,-99,0
1,1994,241,17594.57,22.8,35.69,-99,-99,0
1,1994,242,16508.08,21.6,29.8,-99,-99,0
1,1994,243,12108.96,21.8,35.09,-99,-99,0.58
1,1994,244,11565.71,20,32.6,-99,-99,0
1,1994,245,19864.14,21.6,33.2,-99,-99,0
1,1994,246,19326.04,20.8,32.6,-99,-99,0
1,1994,247,19478.32,20.8,32.6,-99,-99,0
1,1994,248,18937.37,20.8,32.6,-99,-99,0
1,1994,249,17840.14,21,31.4,-99,-99,0
1,1994,250,16462.94,20.2,31.8,-99,-99,0
1,1994,251,17443.53,21,32,-99,-99,0
1,1994,252,24121.61,21.8,35.2,-99,-99,0
1,1994,253,20379.63,21.6,32.8,-99,-99,0
1,1994,254,22753.35,20.8,33.4,-99,-99,0
1,1994,255,20813.74,21.6,33,-99,-99,0
1,1994,256,24720.17,21.6,34.4,-99,-99,0
1,1994,257,19991.02,20.8,31.2,-99,-99,0
1,1994,258,20762.38,21.8,37.17,-99,-99,9.7
1,1994,259,14495,21.5,36.56,-99,-99,10
1,1994,260,17910.59,20.6,31.4,-99,-99,0
1,1994,261,24050.52,21.6,32.4,-99,-99,0
1,1994,262,22517.49,22,33.4,-99,-99,0
1,1994,263,23494.96,22.6,34.2,-99,-99,0
1,1994,264,15119.65,20,31.2,-99,-99,0
1,1994,265,24190.9,20.1,34.2,-99,-99,4
1,1994,266,17487.69,20,33.4,-99,-99,80.3
1,1994,267,15808.92,19,31.8,-99,-99,0
1,1994,268,23202.33,21.6,33.4,-99,-99,10.5
1,1994,269,13985.05,20,30,-99,-99,0
1,1994,270,16072.58,20.8,29.8,-99,-99,0
1,1994,271,22762.44,20,31.6,-99,-99,0
1,1994,272,15221.61,20.6,31.6,-99,-99,9
1,1994,273,13301.75,20,32.6,-99,-99,0
1,1994,274,21895.44,21.6,31.6,-99,-99,0
1,1994,275,22580.1,20,32.4,-99,-99,0
1,1994,276,20895.66,21.6,33.4,-99,-99,0
1,1994,277,21578.21,20.2,33.6,-99,-99,0
1,1994,278,21563.5,20.6,35.2,-99,-99,0
1,1994,279,16959.48,21.2,31.2,-99,-99,5
1,1994,280,15973.11,19,31.8,-99,-99,1
1,1994,281,17486.89,19.8,30.6,-99,-99,0
1,1994,282,13724.77,22.87,31.8,-99,-99,10.4
1,1994,283,20228.6,19.8,32.4,-99,-99,10.5
1,1994,284,18269.89,18.6,33.2,-99,-99,0
1,1994,285,24066.3,20.8,32.4,-99,-99,16.4
1,1994,286,19062.98,18,31.4,-99,-99,4.1
1,1994,287,22497.81,20,30,-99,-99,0
1,1994,288,23992.6,20,34.6,-99,-99,0
1,1994,289,22035.34,21.8,35,-99,-99,0
1,1994,290,13191.25,21.8,33,-99,-99,8
1,1994,291,21847.08,20,32.4,-99,-99,0
1,1994,292,22096.01,21.6,33.8,-99,-99,0
1,1994,293,22481.11,22,34,-99,-99,0
1,1994,294,24785.64,22,35,-99,-99,0
1,1994,295,16587.54,20,31.6,-99,-99,28
1,1994,296,23490.65,23.05,28.39,-99,-99,1.9
1,1994,297,14546.58,19.6,33.4,-99,-99,8.2
1,1994,298,20014.52,20,33,-99,-99,0
1,1994,299,19441.48,21,35,-99,-99,0
1,1994,300,19414.38,20.8,33.4,-99,-99,0
1,1994,301,24829,21,35,-99,-99,16.8
1,1994,302,14332.02,21,32,-99,-99,0
1,1994,303,20688.55,20,31,-99,-99,0
1,1994,304,15102.45,22.4,30,-99,-99,0
1,1994,305,14132.5,22,31.2,-99,-99,0
1,1994,306,13840.79,21.8,33,-99,-99,14.9
1,1994,307,17059.23,19.8,31.6,-99,-99,0.5
1,1994,308,22290.91,21.6,33.4,-99,-99,0
1,1994,309,21450.69,20.4,29.8,-99,-99,0.7
1,1994,310,17251.83,22.2,30.09,-99,-99,62.4
1,1994,311,14541.1,20.57,30.63,-99,-99,3
1,1994,312,18943.46,20,33.2,-99,-99,0.1
1,1994,313,16639.51,19.8,30,-99,-99,24.9
1,1994,314,23166.71,20,34.2,-99,-99,0
1,1994,315,15655.78,20,31.8,-99,-99,0
1,1994,316,23234.03,20.8,32.6,-99,-99,0
1,1994,317,19558.62,22,32.5,-99,-99,0
1,1994,318,22370.9,20,33.6,-99,-99,3
1,1994,319,21675.8,19.8,34.2,-99,-99,0
1,1994,320,20850.17,21.8,33.4,-99,-99,0
1,1994,321,20954.48,21,33.2,-99,-99,0
1,1994,322,16691.97,22.2,32.4,-99,-99,0
1,1994,323,20899.23,20,33.4,-99,-99,60.2
1,1994,324,20740.41,22,34.6,-99,-99,8
1,1994,325,17417.89,20,29.8,-99,-99,3.3
1,1994,326,16342.56,19.8,30.4,-99,-99,16.4
1,1994,327,17769.75,20,29,-99,-99,6
1,1994,328,16303.2,20,31,-99,-99,60.2
1,1994,329,15759.25,19,29.6,-99,-99,0
1,1994,330,15741.55,20,31.2,-99,-99,0
1,1994,331,22405.93,23,29.69,-99,-99,1.5
1,1994,332,13875.57,19.8,30,-99,-99,8.4
1,1994,333,22230.23,20,33.4,-99,-99,0
1,1994,334,20772.11,22,35,-99,-99,15.1
1,1994,335,10963.08,19.8,30,-99,-99,0
1,1994,336,21126.62,21,32.6,-99,-99,0
1,1994,337,21109.31,21,32.4,-99,-99,0
1,1994,338,20441.79,22.1,32.4,-99,-99,9.4
1,1994,339,22509.23,19.8,34.2,-99,-99,0
1,1994,340,17551.53,21.8,32.6,-99,-99,0
1,1994,341,19100.14,20,32.6,-99,-99,0
1,1994,342,17270.1,20.8,32,-99,-99,0
1,1994,343,22195.13,20.6,33.4,-99,-99,0
1,1994,344,22703.65,21.8,32.6,-99,-99,0
1,1994,345,22953.42,20.4,33,-99,-99,0
1,1994,346,22685.41,21.8,34.2,-99,-99,0
1,1994,347,17102.83,20,32.4,-99,-99,22.3
1,1994,348,14894.49,19,31.4,-99,-99,0
1,1994,349,17612.74,22,32.4,-99,-99,0
1,1994,350,22922.62,20,33.22,-99,-99,0
1,1994,351,19421.86,20,33,-99,-99,0
1,1994,352,20846.02,22.93,33.52,-99,-99,2
1,1994,353,20586.97,21.4,32.6,-99,-99,17.9
1,1994,354,15405.3,19.6,30,-99,-99,14.3
1,1994,355,19813.02,20.8,32,-99,-99,0
1,1994,356,20464.44,21,33,-99,-99,0.8
1,1994,357,14635.39,21.8,29.87,-99,-99,0
1,1994,358,22160.57,23.14,32.4,-99,-99,0
1,1994,359,21908.58,23.35,32.12,-99,-99,0
1,1994,360,20619.5,23,32,-99,-99,0
1,1994,361,21018.15,20,33,-99,-99,0
1,1994,362,23236.64,22,34.4,-99,-99,0
1,1994,363,20650.43,21.6,33.4,-99,-99,0
1,1994,364,23003.42,21.8,32.6,-99,-99,0
1,1994,365,23018.51,22,33,-99,-99,0
