-75,3.91,415,0,0
1,2014,1,21285.3,24,32.2,-99,-99,0
1,2014,2,23637.54,22.27,32.94,-99,-99,0
1,2014,3,20110.2,23,32.4,-99,-99,0
1,2014,4,22217.06,23,32.63,-99,-99,0
1,2014,5,20991.48,23,32.46,-99,-99,0
1,2014,6,19123.2,23.6,28.85,-99,-99,0
1,2014,7,14495,22.93,27.66,-99,-99,26.5
1,2014,8,17394.69,22.6,29.69,-99,-99,0.5
1,2014,9,10980.79,23,29.22,-99,-99,0
1,2014,10,11757.85,22.87,30.29,-99,-99,0
1,2014,11,10520.09,22.8,30.47,-99,-99,0
1,2014,12,17049.74,21.6,31.48,-99,-99,0
1,2014,13,24585.52,20.8,32.2,-99,-99,0
1,2014,14,24614.83,19.02,32.4,-99,-99,0
1,2014,15,23353.83,21.2,32.5,-99,-99,33.3
1,2014,16,19171.25,22,32.46,-99,-99,0.6
1,2014,17,20538.56,21.8,33,-99,-99,0
1,2014,18,17715.55,22.6,32,-99,-99,4.5
1,2014,19,12190.41,23.6,32,-99,-99,3.5
1,2014,20,21448.78,22.4,32.6,-99,-99,0
1,2014,21,18358.74,23.2,32,-99,-99,0
1,2014,22,22833.3,23.6,32.4,-99,-99,8.2
1,2014,23,23460.16,23.35,34.2,-99,-99,0
1,2014,24,22442.58,23.17,34.2,-99,-99,0
1,2014,25,21527.53,24.49,31.62,-99,-99,0
1,2014,26,12779.05,23.17,30.27,-99,-99,0
1,2014,27,20570.54,23.35,32.94,-99,-99,7.4
1,2014,28,18358.74,23,32.4,-99,-99,6.6
1,2014,29,22133.84,22.15,34.46,-99,-99,6.5
1,2014,30,12707.32,23.6,32.44,-99,-99,0
1,2014,31,21378.97,22.8,34.2,-99,-99,0
1,2014,32,23255.42,20.63,34.2,-99,-99,0
1,2014,33,15746.09,24.28,33.01,-99,-99,0
1,2014,34,22133.84,24,33.05,-99,-99,0
1,2014,35,17107.38,23.8,31.2,-99,-99,0
1,2014,36,17107.38,22.21,32.4,-99,-99,0
1,2014,37,16210.82,23.05,32.08,-99,-99,0
1,2014,38,22762.98,24,32.23,-99,-99,0
1,2014,39,19370.49,23,34.2,-99,-99,0
1,2014,40,23551.11,23,35.21,-99,-99,0
1,2014,41,21285.3,23.69,34.91,-99,-99,0
1,2014,42,21777.49,24,34.5,-99,-99,0
1,2014,43,23523.96,23.86,33.23,-99,-99,0
1,2014,44,19703.53,23.75,31.46,-99,-99,7.6
1,2014,45,21644.29,24,32.4,-99,-99,0
1,2014,46,22106.1,23.8,33.25,-99,-99,0
1,2014,47,22957.22,22,35.37,-99,-99,21.5
1,2014,48,22604.88,23.95,33.57,-99,-99,0
1,2014,49,14862.05,23.5,35.09,-99,-99,18.9
1,2014,50,21285.3,24,31.2,-99,-99,0
1,2014,51,16392.38,23.8,32,-99,-99,0
1,2014,52,15452.93,23.6,32.86,-99,-99,0
1,2014,53,17240.6,23.2,33.2,-99,-99,0
1,2014,54,21710.89,24,34,-99,-99,13.2
1,2014,55,17445.65,24.14,32.5,-99,-99,0
1,2014,56,18821.5,24.16,31.03,-99,-99,1.3
1,2014,57,15746.09,23.2,32.4,-99,-99,0
1,2014,58,9938.19,24,28.49,-99,-99,3.4
1,2014,59,19285.89,23.4,32.4,-99,-99,0
1,2014,60,14897.47,23.4,30,-99,-99,0
1,2014,61,17445.65,23,32,-99,-99,0
1,2014,62,13100.72,22.8,32.4,-99,-99,0
1,2014,63,20954.44,23.2,29.6,-99,-99,0
1,2014,64,13762.6,23,27.74,-99,-99,0
1,2014,65,19703.53,23.6,30.05,-99,-99,0
1,2014,66,13011.62,23.4,29.69,-99,-99,2.2
1,2014,67,16674.05,23,29.97,-99,-99,0
1,2014,68,15746.09,22.73,31.6,-99,-99,18.2
1,2014,69,11516.62,23,31.58,-99,-99,0
1,2014,70,13911.6,24.66,32,-99,-99,0
1,2014,71,14702.02,24.05,32.5,-99,-99,35.4
1,2014,72,21112.46,22,30.47,-99,-99,0
1,2014,73,18883.11,23.4,31.8,-99,-99,0
1,2014,74,11860.39,24.41,31.73,-99,-99,0
1,2014,75,15788.65,24,31.2,-99,-99,0
1,2014,76,18973.13,22.8,32.37,-99,-99,48.2
1,2014,77,19949.39,24.56,30.47,-99,-99,10.2
1,2014,78,12274.44,23.77,33,-99,-99,0
1,2014,79,22833.3,21.6,35.08,-99,-99,0
1,2014,80,21028.53,24.2,33.4,-99,-99,0
1,2014,81,18260.56,23.4,33.05,-99,-99,2.5
1,2014,82,21448.78,23.2,32.8,-99,-99,0
1,2014,83,18973.13,23,31.71,-99,-99,0
1,2014,84,14244.56,22.2,33.64,-99,-99,2.6
1,2014,85,10268.51,23.6,32.4,-99,-99,22.8
1,2014,86,22293.6,23,33.6,-99,-99,0
1,2014,87,23824.66,22,35.38,-99,-99,0
1,2014,88,23770.15,23.8,35.23,-99,-99,0
1,2014,89,22786.42,24.92,33,-99,-99,0
1,2014,90,24468.29,25.29,35.3,-99,-99,0
1,2014,91,23375.09,22.8,35,-99,-99,0
1,2014,92,21448.78,22.8,32.67,-99,-99,10.9
1,2014,93,11723.67,22.34,34.6,-99,-99,0
1,2014,94,22992.96,23.88,34.6,-99,-99,0
1,2014,95,23417.63,24.02,35,-99,-99,0
1,2014,96,17675.01,22.6,33.2,-99,-99,4.5
1,2014,97,17622.93,23,33.01,-99,-99,0
1,2014,98,12707.32,22.8,35,-99,-99,0
1,2014,99,17756.09,23,34.6,-99,-99,0
1,2014,100,19751.48,23.2,33.6,-99,-99,0
1,2014,101,18883.11,23.38,34.2,-99,-99,0
1,2014,102,17891.1,22,34.2,-99,-99,0
1,2014,103,22975.09,22.2,35.4,-99,-99,0
1,2014,104,22805.52,23,33.36,-99,-99,0
1,2014,105,11928.75,22.8,33.6,-99,-99,0
1,2014,106,21777.49,23.63,32.6,-99,-99,0
1,2014,107,13604.56,23.29,32.12,-99,-99,0
1,2014,108,21318.11,23.95,33.09,-99,-99,9.9
1,2014,109,21556.72,23.6,30.48,-99,-99,0
1,2014,110,18260.56,21.6,33.6,-99,-99,0
1,2014,111,19703.53,23,32.6,-99,-99,0
1,2014,112,13762.6,22.8,31.58,-99,-99,0
1,2014,113,10845.42,23,33.13,-99,-99,75.8
1,2014,114,11516.62,23.4,29.54,-99,-99,0
1,2014,115,23178.29,22.27,31.65,-99,-99,53.5
1,2014,116,17529.12,21.85,31.49,-99,-99,42.4
1,2014,117,22939.35,22,32.4,-99,-99,51.2
1,2014,118,22550.32,21,32.04,-99,-99,10
1,2014,119,21186.86,21.8,32.27,-99,-99,0
1,2014,120,21368.67,22.8,31.83,-99,-99,26.87
1,2014,121,23969.78,22,32.8,-99,-99,2
1,2014,122,18973.13,23.69,30.03,-99,-99,2.3
1,2014,123,22444.65,22.4,31.4,-99,-99,2.3
1,2014,124,19171.25,22.21,32,-99,-99,0
1,2014,125,24041.47,23,32.77,-99,-99,0
1,2014,126,17240.6,24,32.4,-99,-99,62.6
1,2014,127,18675.09,24.41,32.12,-99,-99,0
1,2014,128,19123.2,23.8,30,-99,-99,10.1
1,2014,129,11412.9,22.8,30.49,-99,-99,1.6
1,2014,130,15244.78,23,31.2,-99,-99,0
1,2014,131,15063.68,22.6,30,-99,-99,0
1,2014,132,22244.8,22.8,30.53,-99,-99,0
1,2014,133,22939.35,23.6,32.4,-99,-99,0
1,2014,134,13505.32,22.8,32,-99,-99,0
1,2014,135,13554.94,23,32,-99,-99,2.7
1,2014,136,21199.65,21.6,31.08,-99,-99,50.5
1,2014,137,12779.05,22.2,30.29,-99,-99,0
1,2014,138,12886.65,22.6,31.47,-99,-99,0.2
1,2014,139,11757.85,22.2,30,-99,-99,0
1,2014,140,22244.8,21,32,-99,-99,0.2
1,2014,141,21815.09,22.8,32.2,-99,-99,56
1,2014,142,22975.09,23.8,28.82,-99,-99,0.7
1,2014,143,22106.1,23,32,-99,-99,35.7
1,2014,144,24088.96,23,32.6,-99,-99,0
1,2014,145,20538.56,21,32.4,-99,-99,0.1
1,2014,146,20074.41,22.2,32.4,-99,-99,0.3
1,2014,147,13554.94,22.6,31.49,-99,-99,0.2
1,2014,148,19075.15,21.45,31.8,-99,-99,0.3
1,2014,149,14968.31,23.4,31.97,-99,-99,0
1,2014,150,22161.58,23.72,32.8,-99,-99,1.1
1,2014,151,19703.53,23,33,-99,-99,0.8
1,2014,152,20478.69,22.67,31.6,-99,-99,0
1,2014,153,18846.43,21.8,32.91,-99,-99,0.2
1,2014,154,20911.32,22.21,33,-99,-99,0.3
1,2014,155,19412.79,22,32.6,-99,-99,0
1,2014,156,22051.18,22.2,32.4,-99,-99,0
1,2014,157,16257.85,21.67,32.4,-99,-99,0
1,2014,158,14054.51,22,32,-99,-99,0
1,2014,159,21378.97,22,33,-99,-99,0
1,2014,160,19285.89,22.8,32.6,-99,-99,8.9
1,2014,161,12850.78,21.8,30.65,-99,-99,0
1,2014,162,22880.18,20.73,32.6,-99,-99,0
1,2014,163,22393.53,21,33,-99,-99,0
1,2014,164,16717.51,20,32.67,-99,-99,0.2
1,2014,165,18208.65,21.8,32.4,-99,-99,6.4
1,2014,166,16544.48,21.8,32.4,-99,-99,0
1,2014,167,17756.09,20,32.4,-99,-99,0
1,2014,168,22207.33,20,31.6,-99,-99,0
1,2014,169,13554.94,22,30.68,-99,-99,0
1,2014,170,17396.69,22,31.8,-99,-99,0
1,2014,171,16060.64,20,32.4,-99,-99,0
1,2014,172,17049.74,20.39,32,-99,-99,0
1,2014,173,21448.78,21,32.4,-99,-99,0
1,2014,174,17622.93,21,33.53,-99,-99,0
1,2014,175,15938.28,23.4,31.4,-99,-99,1.4
1,2014,176,10481.69,22,33,-99,-99,2.3
1,2014,177,19832.94,21,34,-99,-99,0.2
1,2014,178,21488.15,20.77,33.6,-99,-99,2.8
1,2014,179,18045.31,21,33.13,-99,-99,0
1,2014,180,23092.81,21,30.49,-99,-99,0
1,2014,181,17487.39,20,33,-99,-99,1.4
1,2014,182,22684.48,21,33,-99,-99,0
1,2014,183,19450.57,21,33.79,-99,-99,0
1,2014,184,23473.86,21.6,34.6,-99,-99,1
1,2014,185,19558.62,20.53,33.21,-99,-99,0
1,2014,186,21916.78,21.6,34.12,-99,-99,0
1,2014,187,17891.1,20.84,34,-99,-99,0
1,2014,188,16587.54,21.8,33.4,-99,-99,0.4
1,2014,189,13863.44,21.6,33.27,-99,-99,0
1,2014,190,18973.13,21.05,32.67,-99,-99,0
1,2014,191,14897.47,20,32.8,-99,-99,0
1,2014,192,15016,22.27,33.6,-99,-99,0
1,2014,193,14443.28,22,31.93,-99,-99,0
1,2014,194,18809.75,22,32,-99,-99,0
1,2014,195,17049.74,20,33.6,-99,-99,0
1,2014,196,16210.82,21.25,33.6,-99,-99,0
1,2014,197,19949.39,21.6,34.5,-99,-99,0
1,2014,198,16630.6,21,34.45,-99,-99,0
1,2014,199,20252.51,21.9,34.29,-99,-99,0
1,2014,200,23241.06,21.8,34.2,-99,-99,0
1,2014,201,18712.32,22.6,33.4,-99,-99,0
1,2014,202,20418.1,22,35.22,-99,-99,0
1,2014,203,19990.85,22.6,33.29,-99,-99,0
1,2014,204,16060.64,22.2,35.03,-99,-99,0
1,2014,205,22809.86,21.25,35.95,-99,-99,0
1,2014,206,20145.11,21.6,36.44,-99,-99,0
1,2014,207,20032.63,22.8,34.6,-99,-99,0
1,2014,208,14196.92,21.6,34.6,-99,-99,0
1,2014,209,23229.71,21,35.4,-99,-99,0
1,2014,210,21285.3,21.2,35.83,-99,-99,0
1,2014,211,18761.03,23,35,-99,-99,0
1,2014,212,20793.74,22.6,35.25,-99,-99,0
1,2014,213,21615.1,22.8,35.4,-99,-99,0
1,2014,214,12076.67,24,33.6,-99,-99,0
1,2014,215,11551.19,21.2,35.96,-99,-99,0
1,2014,216,24600.61,21.8,36.58,-99,-99,10.7
1,2014,217,10481.69,22.2,31.36,-99,-99,0
1,2014,218,17240.6,20.8,34,-99,-99,0
1,2014,219,16436.13,21,35.08,-99,-99,0
1,2014,220,18637.87,21,34.5,-99,-99,0
1,2014,221,20110.2,21,34.6,-99,-99,0
1,2014,222,18600.65,21,35.22,-99,-99,0
1,2014,223,22269.2,22.4,36.42,-99,-99,0
1,2014,224,19215.52,22.6,34.5,-99,-99,0.2
1,2014,225,13505.32,22,35.74,-99,-99,0
1,2014,226,19285.89,21.6,36.15,-99,-99,0
1,2014,227,21146.43,22.6,35.54,-99,-99,0
1,2014,228,12358.47,21.3,35.52,-99,-99,0
1,2014,229,14101.89,22.67,35,-99,-99,0
1,2014,230,12850.78,21.8,34.23,-99,-99,0
1,2014,231,11447.47,21,34.59,-99,-99,0
1,2014,232,24300.67,21.6,35.21,-99,-99,0
1,2014,233,19075.15,20.8,35.44,-99,-99,0
1,2014,234,21677.59,22,36.48,-99,-99,0
1,2014,235,16992.1,23,36.47,-99,-99,0
1,2014,236,18260.56,23,37.24,-99,-99,0
1,2014,237,13657.24,23.55,33.27,-99,-99,0
1,2014,238,12886.65,21.6,33.5,-99,-99,0.4
1,2014,239,12048.23,21.6,33,-99,-99,0
1,2014,240,15662.64,21.8,34.5,-99,-99,0
1,2014,241,19990.85,22.2,34.2,-99,-99,0
1,2014,242,25268.61,20,36.47,-99,-99,0
1,2014,243,22736.81,20.8,36.5,-99,-99,0
1,2014,244,22684.48,23,35.49,-99,-99,0.37
1,2014,245,10353.69,23.05,31.42,-99,-99,2.34
1,2014,246,16945.15,23,32.94,-99,-99,5.24
1,2014,247,20570.54,21.6,35.64,-99,-99,0.19
1,2014,248,24594.81,22.8,36.6,-99,-99,0.19
1,2014,249,16304.89,22,35.99,-99,-99,2.06
1,2014,250,13249.59,22.4,34.5,-99,-99,0.69
1,2014,251,14292.2,22.54,35.23,-99,-99,0.14
1,2014,252,24482.94,22.8,37.36,-99,-99,0.08
1,2014,253,15111.37,23.37,37.41,-99,-99,1.31
1,2014,254,17347.73,24.02,36.46,-99,-99,2.63
1,2014,255,20252.51,23,35.4,-99,-99,9.56
1,2014,256,17675.01,23,34.2,-99,-99,4.92
1,2014,257,19285.89,21.8,35.46,-99,-99,3.12
1,2014,258,17570.85,23.77,34.6,-99,-99,0.51
1,2014,259,21252.48,23.98,34.2,-99,-99,0
1,2014,260,22495.77,23,34.2,-99,-99,20.5
1,2014,261,19630.35,21.95,35,-99,-99,0
1,2014,262,22939.35,24.14,33.2,-99,-99,4.2
1,2014,263,17843.86,23.4,31,-99,-99,0
1,2014,264,23549.75,22,33.92,-99,-99,0
1,2014,265,20793.74,22.8,33,-99,-99,0
1,2014,266,22786.42,22.8,35.5,-99,-99,0
1,2014,267,22318.01,23.29,35,-99,-99,0
1,2014,268,23542.89,22.8,36.02,-99,-99,0
1,2014,269,24351.05,22.8,36.23,-99,-99,0
1,2014,270,15244.78,22.4,35.32,-99,-99,0
1,2014,271,22189.32,22,35.25,-99,-99,0
1,2014,272,23332.56,22.2,36.27,-99,-99,0
1,2014,273,23824.66,22,36.96,-99,-99,0
1,2014,274,21252.48,21.8,36.06,-99,-99,0
1,2014,275,13762.6,21.85,35.48,-99,-99,0
1,2014,276,19593.75,21.8,35.2,-99,-99,0
1,2014,277,22393.53,22,36.51,-99,-99,0
1,2014,278,22903.61,23.45,35.15,-99,-99,0
1,2014,279,18973.13,23,34.5,-99,-99,0
1,2014,280,22464.87,23.69,33.6,-99,-99,11.5
1,2014,281,14598.16,24.2,32,-99,-99,7.1
1,2014,282,14808.71,23.6,31.44,-99,-99,0
1,2014,283,13011.62,22.8,31.8,-99,-99,31.7
1,2014,284,14149.27,23.63,31.53,-99,-99,0
1,2014,285,20954.44,22.6,32.97,-99,-99,0
1,2014,286,14897.47,22,32.8,-99,-99,0
1,2014,287,20462.34,22.1,33.84,-99,-99,0
1,2014,288,13056.17,21.6,33.76,-99,-99,0
1,2014,289,14649.74,22.4,34.6,-99,-99,0
1,2014,290,22189.32,22.2,34.44,-99,-99,0
1,2014,291,19832.94,22.4,33.36,-99,-99,6
1,2014,292,22106.1,22.6,32.42,-99,-99,7.8
1,2014,293,14007.13,22.73,32.6,-99,-99,12.2
1,2014,294,22658.32,22.6,32.6,-99,-99,0
1,2014,295,16852.45,22,34.12,-99,-99,0
1,2014,296,23871.84,22,35.09,-99,-99,6.8
1,2014,297,20602.52,23,32.6,-99,-99,0
1,2014,298,17151.79,24.14,29.26,-99,-99,0
1,2014,299,10716.17,23,30.97,-99,-99,0
1,2014,300,17396.69,22,32,-99,-99,0
1,2014,301,22133.84,23.2,32.4,-99,-99,0
1,2014,302,20240.3,23.4,32,-99,-99,0
1,2014,303,22078.64,23.2,29.11,-99,-99,0
1,2014,304,19488.35,21.8,31.4,-99,-99,0
1,2014,305,17151.79,23.96,31.97,-99,-99,3.3
1,2014,306,10264.27,23.4,31.4,-99,-99,7.5
1,2014,307,19907.92,22.05,32.6,-99,-99,37.5
1,2014,308,20698.9,24.61,28.95,-99,-99,5.3
1,2014,309,15788.65,24.1,31.8,-99,-99,14.6
1,2014,310,20698.9,23.86,30.91,-99,-99,0
1,2014,311,20418.1,24,29.45,-99,-99,11.2
1,2014,312,20559.17,23,32,-99,-99,37
1,2014,313,23050.07,23.4,32,-99,-99,0
1,2014,314,20731.03,23,31.2,-99,-99,1.3
1,2014,315,21348.54,23.8,30.63,-99,-99,0.4
1,2014,316,10188.05,23.4,29.6,-99,-99,0.8
1,2014,317,19370.49,22.2,32.57,-99,-99,0
1,2014,318,14054.51,22.8,30.36,-99,-99,0
1,2014,319,19412.79,22.27,29.81,-99,-99,19.5
1,2014,320,13762.6,22.2,30.49,-99,-99,0.3
1,2014,321,14292.2,20.33,31.65,-99,-99,0
1,2014,322,23580.75,21.8,32,-99,-99,0
1,2014,323,14897.47,23.95,28.05,-99,-99,0
1,2014,324,19285.89,23,30.17,-99,-99,0
1,2014,325,14897.47,22.8,30.63,-99,-99,5.2
1,2014,326,18675.09,22,31.2,-99,-99,0
1,2014,327,19075.15,23.4,32,-99,-99,0
1,2014,328,21022.78,23.6,33.31,-99,-99,0
1,2014,329,15292.36,23.93,31.38,-99,-99,1.5
1,2014,330,16348.64,23.2,30.48,-99,-99,0
1,2014,331,20180.03,22.8,32.2,-99,-99,0
1,2014,332,23542.89,23.55,32.5,-99,-99,0
1,2014,333,22856.74,22.1,32.37,-99,-99,0
1,2014,334,16257.85,23,32.4,-99,-99,0
1,2014,335,23092.81,21.6,32.6,-99,-99,0
1,2014,336,21556.72,21.4,33,-99,-99,0
1,2014,337,19799.42,20.3,33,-99,-99,0
1,2014,338,17347.73,23,31.73,-99,-99,11.2
1,2014,339,19488.35,21.8,32.27,-99,-99,0
1,2014,340,16852.45,23.4,29.93,-99,-99,0
1,2014,341,11757.85,23,29.17,-99,-99,7.4
1,2014,342,21556.72,23,30,-99,-99,45
1,2014,343,11826.21,21.8,26.37,-99,-99,7.6
1,2014,344,20898.27,20.8,31.24,-99,-99,3.4
1,2014,345,13406.07,22,25.77,-99,-99,0
1,2014,346,18919.79,21.4,30.57,-99,-99,0
1,2014,347,14808.71,22.8,30.94,-99,-99,2.4
1,2014,348,17993.91,22.34,30,-99,-99,0
1,2014,349,22293.6,22.8,30,-99,-99,0
1,2014,350,16210.82,22.8,29.97,-99,-99,0
1,2014,351,18809.75,22.8,31.3,-99,-99,0
1,2014,352,21448.78,22.73,32,-99,-99,0
1,2014,353,18405.02,23.98,31.6,-99,-99,0
1,2014,354,20506.58,23.91,30.06,-99,-99,0
1,2014,355,17891.1,23.96,31.83,-99,-99,0
1,2014,356,23993.97,22,32.6,-99,-99,0
1,2014,357,24120.63,20,32.2,-99,-99,0
1,2014,358,22903.61,22.45,32.4,-99,-99,4.8
1,2014,359,18312.46,23.35,32,-99,-99,0
1,2014,360,20708.62,22.6,32.4,-99,-99,0
1,2014,361,22658.32,22.8,32.42,-99,-99,0
1,2014,362,20731.03,23,32.2,-99,-99,0
1,2014,363,23848.84,21,33.13,-99,-99,0
1,2014,364,20252.51,21.6,32.77,-99,-99,0
1,2014,365,22444.65,22.2,33.2,-99,-99,0
