-75,3.91,415,0,0
1,2005,1,20300.7,21.4,33.18,-99,-99,0
1,2005,2,16277.14,23,33.43,-99,-99,0
1,2005,3,18115.97,23.96,34.1,-99,-99,0
1,2005,4,19045.12,24.34,32.4,-99,-99,18.7
1,2005,5,16580.86,23.93,31.1,-99,-99,8.8
1,2005,6,15028.12,23,33,-99,-99,0.5
1,2005,7,16221.11,22.8,33.69,-99,-99,0
1,2005,8,13356.65,23.75,33.76,-99,-99,18.2
1,2005,9,11929.28,22.5,32,-99,-99,0
1,2005,10,18112.46,22.57,32.89,-99,-99,0.3
1,2005,11,15111.51,23.4,33.67,-99,-99,3
1,2005,12,17629.73,24.05,33,-99,-99,0
1,2005,13,22920.41,24.1,33,-99,-99,0
1,2005,14,12531.84,24,33,-99,-99,1.7
1,2005,15,16510.07,23.6,32.6,-99,-99,0
1,2005,16,18648.03,23.6,33.4,-99,-99,0
1,2005,17,15629.32,22.8,31.4,-99,-99,0
1,2005,18,20158.77,22.8,32.4,-99,-99,0
1,2005,19,14878.47,22.2,32.6,-99,-99,0
1,2005,20,16097.16,23.4,33.4,-99,-99,0
1,2005,21,18783.84,22.8,33.2,-99,-99,0
1,2005,22,16279.89,21.8,32.2,-99,-99,0
1,2005,23,23647.54,22.4,34,-99,-99,0
1,2005,24,23817.91,22.4,34.6,-99,-99,0
1,2005,25,18767.53,22.4,33.4,-99,-99,0
1,2005,26,15981.84,23.4,33.4,-99,-99,0
1,2005,27,22051.19,22.8,35,-99,-99,0
1,2005,28,19531.45,23.6,34.8,-99,-99,0
1,2005,29,18081.8,22.8,29.7,-99,-99,12.5
1,2005,30,19325.99,23.4,32.4,-99,-99,0.3
1,2005,31,17736.65,23.6,33.2,-99,-99,9.5
1,2005,32,21555.48,24,33.2,-99,-99,0
1,2005,33,16305.29,23.8,33,-99,-99,0
1,2005,34,18504.8,24,32.8,-99,-99,0.2
1,2005,35,12961.66,23.8,30.4,-99,-99,0
1,2005,36,18158.28,24,33.4,-99,-99,0
1,2005,37,19825.09,24,34.8,-99,-99,13.1
1,2005,38,19311.55,22.8,32.8,-99,-99,12.1
1,2005,39,15376.56,24.6,32.2,-99,-99,0
1,2005,40,17046.21,24.4,32,-99,-99,2.2
1,2005,41,10488.79,22.8,28.2,-99,-99,29.5
1,2005,42,19300.56,23.6,33,-99,-99,3.5
1,2005,43,10662.59,23.6,26.4,-99,-99,9.8
1,2005,44,20188.83,22.8,32.4,-99,-99,0
1,2005,45,21738.24,23.6,33.4,-99,-99,0
1,2005,46,24673.42,23.6,34.6,-99,-99,0
1,2005,47,18621.56,23.4,35.4,-99,-99,0
1,2005,48,22806.54,23.6,35,-99,-99,1
1,2005,49,23533.4,24.4,34.8,-99,-99,0
1,2005,50,19260.04,24.2,35.4,-99,-99,32.1
1,2005,51,15392.45,22.2,32.4,-99,-99,1
1,2005,52,19871.32,24.6,35.6,-99,-99,0
1,2005,53,18922.13,24.6,34.6,-99,-99,0
1,2005,54,20622.6,24.4,35.6,-99,-99,1.5
1,2005,55,22745.56,24,33.6,-99,-99,0
1,2005,56,19135.69,24.4,35.4,-99,-99,0
1,2005,57,22100.55,24,31.4,-99,-99,0
1,2005,58,17218.82,25.4,34.4,-99,-99,95.5
1,2005,59,12466.96,22.8,34.2,-99,-99,0
1,2005,60,20629.84,24.8,34.8,-99,-99,4.2
1,2005,61,17276.95,23,32.8,-99,-99,7
1,2005,62,13495.22,23.8,31.4,-99,-99,29.5
1,2005,63,11819.25,22.8,29,-99,-99,26.2
1,2005,64,13100.1,24,31.8,-99,-99,0
1,2005,65,19601.29,24.8,32.8,-99,-99,0
1,2005,66,11148.77,23.4,30,-99,-99,1
1,2005,67,19915.81,23,32.8,-99,-99,1.08
1,2005,68,18517.41,23.2,32.4,-99,-99,1.34
1,2005,69,21782.62,23,34.6,-99,-99,0.09
1,2005,70,21937.86,23.8,33.8,-99,-99,0
1,2005,71,19827.75,23,34.6,-99,-99,0.09
1,2005,72,20404.92,23.8,34,-99,-99,0.02
1,2005,73,20273.34,24,34.8,-99,-99,0.04
1,2005,74,16315.67,23,34,-99,-99,0.43
1,2005,75,18731.56,24,33.8,-99,-99,1.5
1,2005,76,12218.9,22,29.6,-99,-99,0
1,2005,77,10948.06,24,29.4,-99,-99,0
1,2005,78,18464.97,21.6,33,-99,-99,0
1,2005,79,16342.33,22,32,-99,-99,22.3
1,2005,80,16486.86,21,30.6,-99,-99,0.4
1,2005,81,22300,23,34,-99,-99,0
1,2005,82,13797.17,23.8,33.6,-99,-99,0
1,2005,83,14081.24,22,33.8,-99,-99,0.8
1,2005,84,23005.5,22.6,35.4,-99,-99,0
1,2005,85,24418.19,22,34.8,-99,-99,0.5
1,2005,86,20590.77,22.6,33.6,-99,-99,0
1,2005,87,21576.45,24,34,-99,-99,23
1,2005,88,16619.46,21.8,29.6,-99,-99,2
1,2005,89,22552.23,21.8,32.6,-99,-99,0
1,2005,90,18162.89,24,32.8,-99,-99,0
1,2005,91,16460.73,24,32.4,-99,-99,0
1,2005,92,17158.95,24,32.6,-99,-99,5
1,2005,93,14893.88,24,31.4,-99,-99,2
1,2005,94,21227.41,23,33.6,-99,-99,0
1,2005,95,20509.83,22,35.4,-99,-99,0.2
1,2005,96,14305.54,22,30.4,-99,-99,1
1,2005,97,17529.15,24,33.4,-99,-99,0
1,2005,98,16533.06,23,34.6,-99,-99,1.5
1,2005,99,17221.71,22,32.8,-99,-99,0
1,2005,100,13983.82,23,31.4,-99,-99,0
1,2005,101,13972.24,22.8,33.5,-99,-99,0
1,2005,102,15218.8,24,34,-99,-99,2.5
1,2005,103,17579.54,23,34.8,-99,-99,0
1,2005,104,13376.01,22.6,35,-99,-99,0
1,2005,105,14059.76,23.6,33.4,-99,-99,0
1,2005,106,18360.3,23,36.8,-99,-99,0
1,2005,107,10833.07,24,29,-99,-99,0
1,2005,108,20262.5,24,35.2,-99,-99,0
1,2005,109,24536.32,24,38.4,-99,-99,0
1,2005,110,11767.65,23,31,-99,-99,0
1,2005,111,12168.88,22.8,29.6,-99,-99,6.5
1,2005,112,11878.28,23.8,31,-99,-99,0
1,2005,113,14069.7,24,31.4,-99,-99,4.7
1,2005,114,20384.08,22.8,32,-99,-99,0.2
1,2005,115,15957.81,23,32.2,-99,-99,0
1,2005,116,18955.66,23,32.4,-99,-99,3.5
1,2005,117,20162.47,23,33.2,-99,-99,0
1,2005,118,18081.47,24,33.4,-99,-99,0
1,2005,119,19694.89,24,34.8,-99,-99,0
1,2005,120,13119.77,23,32.4,-99,-99,0
1,2005,121,23449.94,23,36.4,-99,-99,0
1,2005,122,23278.71,23,36,-99,-99,16.5
1,2005,123,22972,22,32.4,-99,-99,0
1,2005,124,21717.5,23,31.8,-99,-99,11.5
1,2005,125,20061.04,21,32.4,-99,-99,0
1,2005,126,13682.79,23,29.6,-99,-99,2
1,2005,127,22831.56,24,34.8,-99,-99,0
1,2005,128,19027.16,24,34,-99,-99,52
1,2005,129,14294.47,22,29.6,-99,-99,0.3
1,2005,130,20445.21,24,33.6,-99,-99,0
1,2005,131,15457.76,23,34.4,-99,-99,0.3
1,2005,132,19045.58,24,35,-99,-99,0
1,2005,133,19951.47,23,34.8,-99,-99,0
1,2005,134,11523.46,23.6,30.6,-99,-99,0.1
1,2005,135,14301.95,23,32,-99,-99,29.7
1,2005,136,15610.06,22,30.2,-99,-99,8.6
1,2005,137,10811.49,23.6,29,-99,-99,0
1,2005,138,20598.77,22,32.6,-99,-99,56
1,2005,139,10649.71,21,33.33,-99,-99,0
1,2005,140,20671.77,21.4,32.2,-99,-99,0
1,2005,141,15368.32,23,32.4,-99,-99,9
1,2005,142,22062.46,22.6,32.4,-99,-99,18.2
1,2005,143,11119.81,21,28,-99,-99,0.8
1,2005,144,17407.62,22,31,-99,-99,1.7
1,2005,145,17122.84,23,32,-99,-99,0
1,2005,146,18410.43,23,32.6,-99,-99,0
1,2005,147,17472.23,23,32.4,-99,-99,26.3
1,2005,148,18887.53,22.4,32.4,-99,-99,1
1,2005,149,19386.84,23,32.4,-99,-99,0
1,2005,150,17280.27,22.6,34.2,-99,-99,0.2
1,2005,151,17781.51,23,31.4,-99,-99,0
1,2005,152,15812.97,23,32,-99,-99,0
1,2005,153,14628.31,23,32.2,-99,-99,0
1,2005,154,19411.87,23.6,33.2,-99,-99,0
1,2005,155,20170.34,23,33.8,-99,-99,1
1,2005,156,15751.4,22.6,32.4,-99,-99,0.2
1,2005,157,13668.89,22,31.6,-99,-99,0
1,2005,158,15336.97,23,32.6,-99,-99,0
1,2005,159,17519.09,23,33.8,-99,-99,0
1,2005,160,13249.94,22,30.6,-99,-99,0.3
1,2005,161,24066.05,22.6,34.8,-99,-99,0
1,2005,162,12845.81,23,32.4,-99,-99,0
1,2005,163,16055.55,24,32.4,-99,-99,0
1,2005,164,23763.82,22.6,35.6,-99,-99,0
1,2005,165,19251.98,22.6,34,-99,-99,0.1
1,2005,166,17829.49,22.6,32.4,-99,-99,0
1,2005,167,22317.04,23,36,-99,-99,0
1,2005,168,21795.09,22,36,-99,-99,0
1,2005,169,17552.82,22,35.4,-99,-99,0
1,2005,170,15880.08,22.6,34.2,-99,-99,0
1,2005,171,11387.01,23,31.4,-99,-99,0
1,2005,172,19592.98,23,35.6,-99,-99,0
1,2005,173,18436.45,21,35.4,-99,-99,0
1,2005,174,18947.98,22,35.8,-99,-99,0
1,2005,175,14844.43,20,32.2,-99,-99,0
1,2005,176,21384.37,18,36,-99,-99,0
1,2005,177,15871.8,20,34.68,-99,-99,0
1,2005,178,11641.28,23,33.4,-99,-99,0
1,2005,179,13310.87,23.6,32.2,-99,-99,34.7
1,2005,180,10875.78,21.8,28.2,-99,-99,2.2
1,2005,181,10236.79,22,30.2,-99,-99,0
1,2005,182,19869.76,23,35.4,-99,-99,0
1,2005,183,16409.01,22.6,32.8,-99,-99,29.3
1,2005,184,19243.01,21.8,34.2,-99,-99,0
1,2005,185,18223.39,22,31.6,-99,-99,0
1,2005,186,22606.64,21,34.6,-99,-99,0
1,2005,187,17341.76,22,33.6,-99,-99,0
1,2005,188,24050.06,22.2,35.6,-99,-99,0
1,2005,189,21745.7,21,36.4,-99,-99,0
1,2005,190,22921.74,20,37.2,-99,-99,0
1,2005,191,18678.59,20,35,-99,-99,0
1,2005,192,20114.16,19,36.4,-99,-99,0
1,2005,193,13406.21,21,35.2,-99,-99,0
1,2005,194,19371.05,21,33.8,-99,-99,0
1,2005,195,13558.24,23,32.4,-99,-99,0
1,2005,196,17460.84,23,32.6,-99,-99,9.2
1,2005,197,15140.69,22,31.6,-99,-99,7.8
1,2005,198,20743.45,22,33.6,-99,-99,27
1,2005,199,18032.68,22.8,35.2,-99,-99,0
1,2005,200,12450.97,22,31,-99,-99,2.5
1,2005,201,16766.99,22,33.2,-99,-99,0
1,2005,202,18352.02,21,33.6,-99,-99,0
1,2005,203,19941.34,22,35,-99,-99,0
1,2005,204,21535.06,21,31.2,-99,-99,0
1,2005,205,20119.26,19,33.4,-99,-99,0
1,2005,206,22374.25,22,36.8,-99,-99,0
1,2005,207,24766.98,21,37,-99,-99,0
1,2005,208,20456.65,21,35.6,-99,-99,0
1,2005,209,19560.33,22,35.2,-99,-99,0
1,2005,210,19189.53,19,36.6,-99,-99,0
1,2005,211,17496.79,21,35.4,-99,-99,0
1,2005,212,23340.5,20,37.4,-99,-99,0
1,2005,213,19661.92,22.2,37.4,-99,-99,0
1,2005,214,15972.94,21,34.6,-99,-99,0.2
1,2005,215,15462.26,21,36.4,-99,-99,0
1,2005,216,19474.24,21,37.6,-99,-99,0
1,2005,217,18167.7,22.2,37,-99,-99,0
1,2005,218,21528.1,22.2,38,-99,-99,0
1,2005,219,22893.61,23,37.4,-99,-99,0
1,2005,220,16500.27,23.1,37,-99,-99,0
1,2005,221,16789.95,21,36.2,-99,-99,0
1,2005,222,21107.32,20,38.2,-99,-99,0
1,2005,223,13338.66,19,35.4,-99,-99,0
1,2005,224,20490.28,19,38.8,-99,-99,0
1,2005,225,14180.81,22.2,35.4,-99,-99,0
1,2005,226,14063.39,23.6,33.8,-99,-99,0
1,2005,227,15567.8,23,38.2,-99,-99,0
1,2005,228,17617.75,21,34.1,-99,-99,0
1,2005,229,16419.27,23,36.4,-99,-99,0
1,2005,230,15217.15,22,33.2,-99,-99,0
1,2005,231,23119.84,21.6,36.4,-99,-99,0
1,2005,232,20153.05,19,36.2,-99,-99,0
1,2005,233,15405.92,23,36.32,-99,-99,0
1,2005,234,15422.92,20,38.6,-99,-99,1
1,2005,235,24048.86,22.6,35.8,-99,-99,2.9
1,2005,236,15729.43,22,32,-99,-99,0
1,2005,237,19581.35,22,32.4,-99,-99,0
1,2005,238,19053,22.8,37.8,-99,-99,0
1,2005,239,21269.06,23,36.8,-99,-99,0
1,2005,240,20465.19,21,35.4,-99,-99,0
1,2005,241,18420.28,23,35.4,-99,-99,25
1,2005,242,17885.72,23,34.8,-99,-99,0
1,2005,243,20245.42,22.6,35.8,-99,-99,0
1,2005,244,22609.14,22,37.2,-99,-99,0
1,2005,245,19587.79,21,34.48,-99,-99,0
1,2005,246,20432.45,21,37,-99,-99,0
1,2005,247,24738.41,22.8,38.2,-99,-99,0.4
1,2005,248,19491.53,21,35.34,-99,-99,0
1,2005,249,18394.74,22.8,36.05,-99,-99,0
1,2005,250,18960.54,23,37.6,-99,-99,0
1,2005,251,22997.73,21,35.89,-99,-99,0
1,2005,252,17313.13,21,37,-99,-99,0
1,2005,253,22326.13,22.6,37.05,-99,-99,0
1,2005,254,19692.76,21.6,38.6,-99,-99,0
1,2005,255,13854.09,20,36.4,-99,-99,0
1,2005,256,15389.61,21,36.4,-99,-99,0
1,2005,257,21384.26,21,38,-99,-99,3
1,2005,258,17626.37,22,37.4,-99,-99,7
1,2005,259,19860.31,21,39,-99,-99,0
1,2005,260,20979.02,21,38.2,-99,-99,0
1,2005,261,19446.66,21,39.6,-99,-99,0
1,2005,262,11354.22,21,37.47,-99,-99,0.2
1,2005,263,12888.07,22,36.09,-99,-99,0
1,2005,264,15119.65,23,38.1,-99,-99,0
1,2005,265,12325.66,25.8,32.4,-99,-99,2.5
1,2005,266,13020.66,21,32.6,-99,-99,55.6
1,2005,267,19298.7,20,32,-99,-99,1.7
1,2005,268,20550.29,21,34.2,-99,-99,1.5
1,2005,269,17055.47,22,31.6,-99,-99,4.8
1,2005,270,14537.63,23,31.2,-99,-99,0
1,2005,271,19414.16,21,33.2,-99,-99,0
1,2005,272,22334.83,23,34.2,-99,-99,0
1,2005,273,21488.12,22,35.4,-99,-99,0
1,2005,274,19386.55,22.6,36.52,-99,-99,1.48
1,2005,275,22162.12,23.95,35.91,-99,-99,0.73
1,2005,276,19503.01,23.75,36.97,-99,-99,1.16
1,2005,277,19768.65,23,37.43,-99,-99,0.51
1,2005,278,17807.2,24.53,35.91,-99,-99,2.39
1,2005,279,12927.27,23.82,33.96,-99,-99,2.42
1,2005,280,17918.49,23.93,35.45,-99,-99,0.23
1,2005,281,23041.44,22.8,37.23,-99,-99,2.5
1,2005,282,11365.74,24,32.4,-99,-99,16.64
1,2005,283,13156.79,23,35,-99,-99,1.82
1,2005,284,17577.12,24.65,33.96,-99,-99,1.04
1,2005,285,22266.57,23.69,33.6,-99,-99,16.39
1,2005,286,13253.46,24.7,33.6,-99,-99,0
1,2005,287,21806.82,21,31.2,-99,-99,0.4
1,2005,288,10599.87,24,30,-99,-99,0.8
1,2005,289,22587.08,21.8,32.4,-99,-99,8.2
1,2005,290,20218.98,23,34.2,-99,-99,2.5
1,2005,291,20332.86,22.4,30.8,-99,-99,5.8
1,2005,292,16595.57,22.2,31.4,-99,-99,0
1,2005,293,15750.4,23.8,32.4,-99,-99,0
1,2005,294,22041.48,22.4,34,-99,-99,41.8
1,2005,295,17353.67,21.6,33.4,-99,-99,22.6
1,2005,296,15550.97,24.3,30.2,-99,-99,2.4
1,2005,297,11154.31,23,31,-99,-99,14.7
1,2005,298,14005.78,22.6,30.2,-99,-99,0
1,2005,299,21214.6,23.6,39,-99,-99,0
1,2005,300,19550.6,23.6,32.6,-99,-99,32.2
1,2005,301,13808.96,22.6,32,-99,-99,0
1,2005,302,19495.27,24.6,31.6,-99,-99,0
1,2005,303,19060.18,24,32,-99,-99,0
1,2005,304,17677.34,24.66,32.6,-99,-99,0.8
1,2005,305,11290.34,23.8,31.6,-99,-99,0.6
1,2005,306,14111.11,24,32.8,-99,-99,0
1,2005,307,19083.92,24,33.2,-99,-99,2
1,2005,308,10563.5,22.6,29.8,-99,-99,0
1,2005,309,19296.83,23,32.8,-99,-99,0
1,2005,310,16714.1,23.6,33.31,-99,-99,10.4
1,2005,311,15212.36,22.2,32.2,-99,-99,0
1,2005,312,17066.47,23,31.2,-99,-99,20.5
1,2005,313,15702.28,24,31.2,-99,-99,12.8
1,2005,314,17684.59,22.2,31.6,-99,-99,47.7
1,2005,315,13385.75,21.6,29.89,-99,-99,25.8
1,2005,316,18299.92,23,30.8,-99,-99,2.4
1,2005,317,10149.8,23,28,-99,-99,0
1,2005,318,19045.78,23.2,31.2,-99,-99,0
1,2005,319,15698.32,24,31.6,-99,-99,4
1,2005,320,13421.03,22,30.2,-99,-99,0.1
1,2005,321,21351.96,23.8,32,-99,-99,0
1,2005,322,20397.27,23.6,31.8,-99,-99,0.5
1,2005,323,19577.53,23.8,31.6,-99,-99,0
1,2005,324,18100.16,24.63,30.6,-99,-99,0
1,2005,325,17549.75,24,30.57,-99,-99,6.4
1,2005,326,12259.67,22.2,29.8,-99,-99,0
1,2005,327,16191.05,23,30.6,-99,-99,0.6
1,2005,328,21296.97,23,31,-99,-99,0
1,2005,329,21272.83,23,32,-99,-99,0
1,2005,330,21642.86,23.2,31.6,-99,-99,0
1,2005,331,22143.91,23.6,32.4,-99,-99,0
1,2005,332,22644.79,22.6,33,-99,-99,0
1,2005,333,21968.7,23.8,33.2,-99,-99,0
1,2005,334,21817.29,23.8,32,-99,-99,0
1,2005,335,20883.81,24,33,-99,-99,0
1,2005,336,11344.35,22.4,32.2,-99,-99,0
1,2005,337,13028.84,23.4,31.8,-99,-99,0
1,2005,338,13539.29,24,30.8,-99,-99,0
1,2005,339,17173.2,23.8,32.8,-99,-99,0
1,2005,340,18461.98,23.4,32.4,-99,-99,0.1
1,2005,341,21699.88,21.8,34,-99,-99,0
1,2005,342,17529.93,23.2,31.8,-99,-99,16
1,2005,343,19987.65,22,32,-99,-99,3
1,2005,344,17901.29,23,32.4,-99,-99,0
1,2005,345,14649.95,23,32.33,-99,-99,82.4
1,2005,346,16330.3,21.4,32,-99,-99,0.4
1,2005,347,22029.81,23,31.12,-99,-99,10.4
1,2005,348,13468.62,21.6,27.94,-99,-99,19.9
1,2005,349,19556.73,23,30,-99,-99,0
1,2005,350,17739.41,23,30,-99,-99,0
1,2005,351,18903.58,22,31.4,-99,-99,0
1,2005,352,12294.9,24,31.67,-99,-99,0
1,2005,353,19809.58,22,30.05,-99,-99,1
1,2005,354,16182.74,22,31,-99,-99,6
1,2005,355,15277.48,22,30.27,-99,-99,0.9
1,2005,356,17224.23,22.15,31.4,-99,-99,0
1,2005,357,19820.88,22.6,31.2,-99,-99,49.7
1,2005,358,12824.14,22.8,30.8,-99,-99,12.8
1,2005,359,12050.25,23.6,31.2,-99,-99,4
1,2005,360,16726.59,21,30.4,-99,-99,0
1,2005,361,20888.34,23.2,32.4,-99,-99,0
1,2005,362,21548.18,23.2,32.6,-99,-99,0
1,2005,363,21949.94,22.8,33,-99,-99,0
1,2005,364,22743.37,22.6,32.6,-99,-99,0
1,2005,365,22237.86,22.8,32.6,-99,-99,0
