-75,3.91,415,0,0
1,2012,1,23675.4,21,32.2,-99,-99,0
1,2012,2,16992.1,21.8,32.8,-99,-99,0.67
1,2012,3,18240.73,23.2,31,-99,-99,3.72
1,2012,4,14968.31,23,29.59,-99,-99,5.85
1,2012,5,17487.39,22.8,31.2,-99,-99,7.62
1,2012,6,17196.19,22.87,29.48,-99,-99,3.11
1,2012,7,17715.55,23,29.39,-99,-99,4.93
1,2012,8,17240.6,23.66,31.2,-99,-99,3.47
1,2012,9,19832.94,21.8,31.97,-99,-99,0.65
1,2012,10,22318.01,22.15,32.4,-99,-99,4.48
1,2012,11,22604.88,23.14,29.58,-99,-99,1.3
1,2012,12,20991.48,22.21,32.2,-99,-99,0.35
1,2012,13,22809.86,21.2,30.8,-99,-99,0.24
1,2012,14,19370.49,21.8,32,-99,-99,0.58
1,2012,15,22786.42,22,31.42,-99,-99,0.16
1,2012,16,18525.97,21.73,32.4,-99,-99,2.47
1,2012,17,20868.2,22,31,-99,-99,8.69
1,2012,18,15200.31,22.8,29.89,-99,-99,22.27
1,2012,19,15809.59,22.6,27.85,-99,-99,18.44
1,2012,20,15621.74,22.21,29.98,-99,-99,14.16
1,2012,21,16806.71,22,28.69,-99,-99,6.17
1,2012,22,16630.6,21.8,30.48,-99,-99,6.92
1,2012,23,14391.56,22,30,-99,-99,11.55
1,2012,24,19285.89,22.8,27.08,-99,-99,19.73
1,2012,25,21186.86,21.2,30.65,-99,-99,0.45
1,2012,26,19949.39,22.8,29.73,-99,-99,2.36
1,2012,27,20074.41,22.8,30.54,-99,-99,1.76
1,2012,28,20954.44,22.27,30.56,-99,-99,0.58
1,2012,29,23092.81,23,30.49,-99,-99,1.02
1,2012,30,19558.62,23.45,30.49,-99,-99,5.67
1,2012,31,20462.34,23,30.43,-99,-99,0.52
1,2012,32,19026.47,23,31.8,-99,-99,0
1,2012,33,22133.84,23,32.8,-99,-99,20.2
1,2012,34,20793.74,22.8,33.2,-99,-99,0
1,2012,35,22644.13,21.8,34.2,-99,-99,7
1,2012,36,14391.56,22,30.2,-99,-99,4
1,2012,37,12161.97,22,28.4,-99,-99,10.2
1,2012,38,24009.8,21,32.2,-99,-99,20.4
1,2012,39,10609.7,22,32,-99,-99,4.3
1,2012,40,22189.32,23,31.6,-99,-99,10.4
1,2012,41,19630.35,22.2,30,-99,-99,0
1,2012,42,21556.72,23,33.2,-99,-99,0
1,2012,43,22393.53,23,28.11,-99,-99,0
1,2012,44,21744.19,22.8,32.4,-99,-99,0
1,2012,45,24168.13,23,33.4,-99,-99,0
1,2012,46,24152.29,22.6,34,-99,-99,0
1,2012,47,23028.7,22.6,33,-99,-99,0
1,2012,48,22921.48,22.8,33.8,-99,-99,0
1,2012,49,23523.96,23,33.6,-99,-99,0
1,2012,50,23050.07,22.6,33.4,-99,-99,0
1,2012,51,22410.35,22.8,33.6,-99,-99,0
1,2012,52,21348.54,23,34,-99,-99,0
1,2012,53,12316.46,23.2,31.6,-99,-99,0
1,2012,54,22903.61,22.2,34.2,-99,-99,3
1,2012,55,21815.09,21.4,32,-99,-99,0
1,2012,56,15884.74,22.6,33,-99,-99,20.3
1,2012,57,19215.52,21.8,32.6,-99,-99,10
1,2012,58,24041.47,22,33.2,-99,-99,0
1,2012,59,22833.3,22.6,31.8,-99,-99,0
1,2012,60,15155.84,23.2,31.6,-99,-99,0
1,2012,61,19123.2,23,32,-99,-99,0
1,2012,62,16992.1,22.2,33.4,-99,-99,0
1,2012,63,14897.47,24,32.5,-99,-99,0
1,2012,64,20216.27,22.8,33,-99,-99,0
1,2012,65,22577.6,22.6,34.6,-99,-99,10.3
1,2012,66,21585.91,22.8,34,-99,-99,2
1,2012,67,23506.94,22,32,-99,-99,0
1,2012,68,23229.71,22.8,36.2,-99,-99,0
1,2012,69,13145.27,23.2,30,-99,-99,0
1,2012,70,15200.31,23,31.2,-99,-99,7
1,2012,71,20570.54,22,31.8,-99,-99,0
1,2012,72,18973.13,22.6,34.2,-99,-99,0
1,2012,73,15703.54,23.4,32,-99,-99,0
1,2012,74,19949.39,22.8,34,-99,-99,0
1,2012,75,21615.1,23,36.8,-99,-99,0
1,2012,76,14101.89,24.2,32.4,-99,-99,3
1,2012,77,22550.32,22.6,31.6,-99,-99,0
1,2012,78,22217.06,22.8,32,-99,-99,70.5
1,2012,79,11689.49,22,29.8,-99,-99,0
1,2012,80,12442.51,22.6,30,-99,-99,10.2
1,2012,81,20216.27,22.6,31,-99,-99,10.4
1,2012,82,10863.88,21.8,27.4,-99,-99,5
1,2012,83,22123.89,22.4,32.2,-99,-99,4
1,2012,84,21852.69,22,32,-99,-99,80.3
1,2012,85,17487.39,21.4,31,-99,-99,1
1,2012,86,20145.11,22.8,32.4,-99,-99,4
1,2012,87,21969.76,22.6,32.6,-99,-99,8.4
1,2012,88,19558.62,22,30,-99,-99,0
1,2012,89,22957.22,22.6,35,-99,-99,0
1,2012,90,21744.19,24.2,31.6,-99,-99,0
1,2012,91,20180.03,23,34.4,-99,-99,0
1,2012,92,19123.2,22,36.4,-99,-99,0
1,2012,93,22536.8,24,34.2,-99,-99,0
1,2012,94,19866.45,23.4,32.6,-99,-99,76.7
1,2012,95,21710.89,22.6,32.4,-99,-99,0
1,2012,96,12316.46,23,31.8,-99,-99,0
1,2012,97,20506.58,23.2,32,-99,-99,4
1,2012,98,11236.32,22.4,31.8,-99,-99,7.2
1,2012,99,17721.67,23.2,30.4,-99,-99,0
1,2012,100,18045.31,23.8,32,-99,-99,0
1,2012,101,18451.29,23,32,-99,-99,3
1,2012,102,19990.85,22.6,30.4,-99,-99,10.2
1,2012,103,10366.49,22,29,-99,-99,2
1,2012,104,16992.1,22.2,30.4,-99,-99,0
1,2012,105,14702.02,21.8,31.6,-99,-99,1
1,2012,106,18919.79,23.4,32,-99,-99,0
1,2012,107,16760.97,23,32.6,-99,-99,0
1,2012,108,18451.29,23.2,32.6,-99,-99,0
1,2012,109,19488.35,22.2,29.2,-99,-99,8
1,2012,110,16348.64,23.2,31.8,-99,-99,0
1,2012,111,22133.84,23,33,-99,-99,30.4
1,2012,112,17891.1,21.2,33.4,-99,-99,30.2
1,2012,113,19751.48,22,33,-99,-99,0
1,2012,114,21677.59,23,32.4,-99,-99,0
1,2012,115,20081.02,23.8,31.8,-99,-99,0
1,2012,116,23969.78,24,33.2,-99,-99,0
1,2012,117,14546.58,23.8,31.6,-99,-99,60.2
1,2012,118,23599.68,22,34.2,-99,-99,10.8
1,2012,119,15016,21.8,29.8,-99,-99,0
1,2012,120,21488.15,22.6,31.8,-99,-99,10.2
1,2012,121,22658.32,23,31,-99,-99,3
1,2012,122,12442.51,22.2,28.6,-99,-99,8
1,2012,123,21488.15,23,32.6,-99,-99,0
1,2012,124,22244.8,23.8,35,-99,-99,3
1,2012,125,22318.01,22.8,34.8,-99,-99,0
1,2012,126,19751.48,23,31,-99,-99,0
1,2012,127,21106.01,23.6,32.8,-99,-99,0
1,2012,128,16587.54,23.8,31,-99,-99,0
1,2012,129,23993.97,23,35.2,-99,-99,0
1,2012,130,20288.76,23,33.6,-99,-99,0
1,2012,131,22572.69,22.8,33,-99,-99,0
1,2012,132,19990.85,23.4,30.8,-99,-99,0
1,2012,133,20762.38,23.6,32.8,-99,-99,0
1,2012,134,21644.29,23.6,33.6,-99,-99,0
1,2012,135,20634.64,22.4,31.8,-99,-99,0
1,2012,136,21677.59,23.4,34.8,-99,-99,0
1,2012,137,19370.49,24.6,33.8,-99,-99,0
1,2012,138,20538.56,23,34.6,-99,-99,0
1,2012,139,22393.53,22.4,33,-99,-99,0
1,2012,140,10260.04,24,30.8,-99,-99,0
1,2012,141,18260.56,22.8,31.8,-99,-99,0
1,2012,142,21852.69,23,32,-99,-99,9
1,2012,143,19026.47,23.2,31.2,-99,-99,0
1,2012,144,23204,23.8,33.2,-99,-99,0
1,2012,145,23050.07,22.6,34.2,-99,-99,0
1,2012,146,21527.53,23,35.4,-99,-99,0
1,2012,147,22514.23,22.6,35.4,-99,-99,0
1,2012,148,20331.87,22,35,-99,-99,0
1,2012,149,12019.8,23.6,35,-99,-99,0
1,2012,150,19799.42,20.46,31.71,-99,-99,0
1,2012,151,20288.76,20,35.6,-99,-99,0
1,2012,152,18451.29,22,35.8,-99,-99,0
1,2012,153,17570.85,23.6,33.8,-99,-99,0
1,2012,154,21585.91,24.2,35.2,-99,-99,0
1,2012,155,22786.42,23,35.6,-99,-99,0
1,2012,156,17715.55,23.8,35.8,-99,-99,0
1,2012,157,22957.22,22.8,36,-99,-99,0
1,2012,158,23375.09,23.2,35.8,-99,-99,0
1,2012,159,21677.59,23,36,-99,-99,0
1,2012,160,18712.32,23.6,36,-99,-99,0
1,2012,161,22318.01,23.8,36.2,-99,-99,0
1,2012,162,19832.94,23.6,36.8,-99,-99,0
1,2012,163,21380.59,21.8,33,-99,-99,0
1,2012,164,16992.1,22.6,35.8,-99,-99,0
1,2012,165,17240.6,21.8,34.6,-99,-99,0
1,2012,166,20698.9,22.2,35.8,-99,-99,0
1,2012,167,21615.1,23.2,36.4,-99,-99,0
1,2012,168,15788.65,22.8,31,-99,-99,0
1,2012,169,21186.86,21.8,32.6,-99,-99,0
1,2012,170,22419.09,22,34.8,-99,-99,0
1,2012,171,24336.4,21,35.2,-99,-99,0
1,2012,172,20666.77,21.8,35.4,-99,-99,0
1,2012,173,22710.65,22,36,-99,-99,0
1,2012,174,24336.4,21.4,36.4,-99,-99,0
1,2012,175,18358.74,21,36,-99,-99,0
1,2012,176,19250.71,19,36,-99,-99,0
1,2012,177,11383.47,20,30.8,-99,-99,0
1,2012,178,18358.74,20,35.2,-99,-99,0
1,2012,179,22114.1,21.4,35,-99,-99,0
1,2012,180,21348.54,19.4,34.8,-99,-99,0
1,2012,181,22550.32,22,34.6,-99,-99,0
1,2012,182,18973.13,21,34.8,-99,-99,0
1,2012,183,20216.27,20.39,36.4,-99,-99,0
1,2012,184,22367.97,19.37,35.8,-99,-99,0
1,2012,185,20074.41,20,34.2,-99,-99,0
1,2012,186,20666.77,21,34.8,-99,-99,0
1,2012,187,19026.47,21.2,35,-99,-99,0
1,2012,188,15746.09,21.6,36,-99,-99,0
1,2012,189,20602.52,21,37.2,-99,-99,0
1,2012,190,21219.67,21.8,36.4,-99,-99,0
1,2012,191,22023.71,20,36.2,-99,-99,0
1,2012,192,21065.58,22.8,36.8,-99,-99,0
1,2012,193,19523.49,22,35.8,-99,-99,0
1,2012,194,21318.11,22.05,36.8,-99,-99,20.6
1,2012,195,21583.15,21.8,32.2,-99,-99,0
1,2012,196,17891.1,20,30.8,-99,-99,2
1,2012,197,13249.59,21.2,28.2,-99,-99,1.2
1,2012,198,23071.44,20,34.2,-99,-99,0
1,2012,199,20216.27,21.8,37.2,-99,-99,0
1,2012,200,22444.65,24.4,37.4,-99,-99,0
1,2012,201,19450.57,24.2,36,-99,-99,0
1,2012,202,20216.27,23.8,36,-99,-99,0
1,2012,203,23135.55,23,36.8,-99,-99,0
1,2012,204,13554.94,24,36.2,-99,-99,0
1,2012,205,19488.35,24,35,-99,-99,0
1,2012,206,16544.48,22.6,36,-99,-99,0
1,2012,207,23460.16,21.8,35,-99,-99,0
1,2012,208,15831.2,22,37.6,-99,-99,0
1,2012,209,12743.18,25.4,35.8,-99,-99,0
1,2012,210,11551.19,26,35,-99,-99,0
1,2012,211,22946.06,23.4,35.4,-99,-99,0
1,2012,212,11482.05,23.8,32.4,-99,-99,0
1,2012,213,21219.67,22.2,37,-99,-99,0.7
1,2012,214,17151.79,22,35.2,-99,-99,0
1,2012,215,19488.35,21.8,36.2,-99,-99,0
1,2012,216,20634.64,23.6,34,-99,-99,1.4
1,2012,217,21744.19,21.8,35.2,-99,-99,0
1,2012,218,15884.74,22.4,36.8,-99,-99,0
1,2012,219,23675.4,24,38.6,-99,-99,0
1,2012,220,21146.43,25,37.8,-99,-99,0
1,2012,221,24292.43,20.73,39.2,-99,-99,0
1,2012,222,14391.56,24.2,36.2,-99,-99,0
1,2012,223,17151.79,25.2,38.4,-99,-99,0
1,2012,224,21186.86,24,37.8,-99,-99,0
1,2012,225,20216.27,21.2,32.2,-99,-99,13
1,2012,226,12019.8,23.2,31.4,-99,-99,1.7
1,2012,227,23557.06,23,34.8,-99,-99,0
1,2012,228,21028.53,23.2,35.2,-99,-99,0
1,2012,229,14968.31,22.6,34.2,-99,-99,0
1,2012,230,11079.23,23,32.4,-99,-99,1
1,2012,231,19450.57,22.6,34.6,-99,-99,0
1,2012,232,22975.09,23.2,38.4,-99,-99,0
1,2012,233,21852.69,24.6,36.6,-99,-99,0
1,2012,234,21916.78,25,38.6,-99,-99,0
1,2012,235,19285.89,24.6,38.4,-99,-99,0
1,2012,236,16806.71,25.8,38,-99,-99,0
1,2012,237,23255.42,26,38.6,-99,-99,0
1,2012,238,14598.16,25,35.6,-99,-99,0
1,2012,239,20110.2,25.6,36.4,-99,-99,0
1,2012,240,11894.57,24.8,33.65,-99,-99,0
1,2012,241,21916.78,23.8,38.4,-99,-99,0
1,2012,242,13709.92,24.4,34.58,-99,-99,0
1,2012,243,24365.58,24.4,36.4,-99,-99,0
1,2012,244,13011.62,24,35.2,-99,-99,0
1,2012,245,15452.93,23.2,36.8,-99,-99,0
1,2012,246,13911.6,23.2,36.4,-99,-99,0
1,2012,247,12707.32,23.4,36.8,-99,-99,0
1,2012,248,13197.43,23,37.2,-99,-99,0
1,2012,249,15621.74,25.4,37.8,-99,-99,0
1,2012,250,21348.54,22,36.2,-99,-99,0
1,2012,251,24453.63,22,39.2,-99,-99,0
1,2012,252,16674.05,22.8,38.6,-99,-99,0
1,2012,253,20374.99,24.8,39,-99,-99,2.8
1,2012,254,19630.35,21.6,38.8,-99,-99,0
1,2012,255,18809.75,25.8,36.4,-99,-99,0
1,2012,256,16163.78,23.8,35.8,-99,-99,0.2
1,2012,257,11236.32,23.6,35.2,-99,-99,0
1,2012,258,14968.31,23.2,36.8,-99,-99,0
1,2012,259,25092.14,22.8,37.8,-99,-99,0
1,2012,260,21146.43,22.8,36.8,-99,-99,0
1,2012,261,16992.1,26,37.8,-99,-99,0
1,2012,262,18106.66,24.8,35.23,-99,-99,0
1,2012,263,23502.7,25.2,37.4,-99,-99,0
1,2012,264,22550.32,25.8,36.6,-99,-99,0
1,2012,265,23623.72,23.6,36,-99,-99,4.7
1,2012,266,20252.51,23.4,37,-99,-99,0
1,2012,267,14702.02,24,35.6,-99,-99,0
1,2012,268,16945.15,23.2,38.8,-99,-99,20.3
1,2012,269,20538.56,22.2,33.6,-99,-99,0
1,2012,270,20731.03,24.6,37.8,-99,-99,0
1,2012,271,12190.41,23.8,33.2,-99,-99,0
1,2012,272,20110.2,23.8,36.4,-99,-99,0
1,2012,273,23281.14,22.8,38.8,-99,-99,0
1,2012,274,17196.19,25,37.2,-99,-99,0
1,2012,275,24346.53,25.2,37.8,-99,-99,0
1,2012,276,14546.58,24.8,32,-99,-99,0
1,2012,277,23438.89,22,38,-99,-99,0
1,2012,278,21644.29,25.8,35.6,-99,-99,20.2
1,2012,279,22293.6,22.6,30.8,-99,-99,0
1,2012,280,16436.13,23.8,31.8,-99,-99,20.2
1,2012,281,19075.15,21.8,32,-99,-99,0
1,2012,282,18260.56,24,34,-99,-99,0
1,2012,283,22957.22,23.4,35.6,-99,-99,0
1,2012,284,22809.86,24,35,-99,-99,0
1,2012,285,22550.32,24,34.4,-99,-99,0
1,2012,286,15063.68,24.2,34,-99,-99,0
1,2012,287,23092.81,22.2,34.2,-99,-99,0
1,2012,288,12133.54,22.2,27,-99,-99,12.8
1,2012,289,21318.11,23.4,32.8,-99,-99,0
1,2012,290,10209.22,24,30,-99,-99,0.3
1,2012,291,20179.58,23.8,32.4,-99,-99,20.5
1,2012,292,15884.74,22.4,29,-99,-99,16.3
1,2012,293,11447.47,22.8,27.6,-99,-99,50.2
1,2012,294,22710.65,21.4,30.2,-99,-99,0
1,2012,295,22786.42,24,33.8,-99,-99,5.3
1,2012,296,14149.27,22.8,29.8,-99,-99,2.4
1,2012,297,22023.71,22.6,33.2,-99,-99,1.7
1,2012,298,18312.46,23,31.2,-99,-99,0
1,2012,299,23694.33,23,32.2,-99,-99,0
1,2012,300,21710.89,24.2,32.6,-99,-99,0
1,2012,301,24380.36,23.4,34.2,-99,-99,0
1,2012,302,24136.46,22.8,35.4,-99,-99,0
1,2012,303,23281.14,23.2,35.6,-99,-99,0
1,2012,304,11723.67,24.6,30,-99,-99,13
1,2012,305,22051.18,23,31.2,-99,-99,9
1,2012,306,23542.89,21,31.2,-99,-99,0
1,2012,307,20104.46,23.2,33.4,-99,-99,10
1,2012,308,23353.83,22.2,33,-99,-99,0
1,2012,309,16630.6,24.4,32.4,-99,-99,0
1,2012,310,12495.47,23.2,29.2,-99,-99,0
1,2012,311,19026.47,23,33.6,-99,-99,0
1,2012,312,22293.6,24,32.2,-99,-99,5
1,2012,313,20570.54,22.8,32.4,-99,-99,3.4
1,2012,314,18809.75,23.6,33,-99,-99,0
1,2012,315,21348.54,23.2,32.8,-99,-99,36.8
1,2012,316,17240.6,22.6,31.2,-99,-99,0.2
1,2012,317,19523.49,24.2,30,-99,-99,0
1,2012,318,17445.65,23.6,32.6,-99,-99,25
1,2012,319,18712.32,22.2,29.8,-99,-99,0.2
1,2012,320,10961.1,24.2,28.2,-99,-99,0
1,2012,321,19523.49,22.8,32.6,-99,-99,0.4
1,2012,322,19630.35,22,33.6,-99,-99,1.9
1,2012,323,17920.11,23.2,30,-99,-99,0
1,2012,324,18451.29,23,31,-99,-99,7.3
1,2012,325,20110.2,23.6,32.6,-99,-99,0
1,2012,326,19450.57,24.4,33.2,-99,-99,0
1,2012,327,16544.48,23.6,32.8,-99,-99,0
1,2012,328,15938.28,23.8,33.8,-99,-99,0
1,2012,329,24120.63,24,34.2,-99,-99,0
1,2012,330,22939.35,23,33.8,-99,-99,23
1,2012,331,20506.58,21.6,32.8,-99,-99,0
1,2012,332,16630.6,24,31.8,-99,-99,0
1,2012,333,21448.78,24.6,33.6,-99,-99,0.7
1,2012,334,19171.25,23.8,34.2,-99,-99,0
1,2012,335,19866.45,24.2,32.8,-99,-99,0
1,2012,336,17240.6,24,33.6,-99,-99,0
1,2012,337,19558.62,23.6,32,-99,-99,0
1,2012,338,16163.78,23.2,31.6,-99,-99,0
1,2012,339,19113.04,24,32.6,-99,-99,0
1,2012,340,19171.25,24.4,33.4,-99,-99,0
1,2012,341,18919.79,22.2,31.6,-99,-99,0
1,2012,342,18675.09,23.6,32.4,-99,-99,20.2
1,2012,343,17049.74,22,31.2,-99,-99,0
1,2012,344,22318.01,23.6,34.2,-99,-99,0
1,2012,345,21348.54,23,32.8,-99,-99,0
1,2012,346,23375.09,24,34.2,-99,-99,0
1,2012,347,20868.2,23,33.4,-99,-99,4
1,2012,348,12814.92,22.2,30.6,-99,-99,10.3
1,2012,349,15580.84,23.4,31.2,-99,-99,0
1,2012,350,15200.31,22.8,32.4,-99,-99,0
1,2012,351,19215.52,22.8,32.6,-99,-99,0
1,2012,352,16436.13,23.4,33.6,-99,-99,0
1,2012,353,16304.89,22.8,31.6,-99,-99,0
1,2012,354,19558.62,23,32,-99,-99,10.4
1,2012,355,19357.79,22.6,33.4,-99,-99,70.4
1,2012,356,21710.89,21,31.4,-99,-99,10.2
1,2012,357,20110.2,21.8,32,-99,-99,10.5
1,2012,358,10882.35,22.2,26,-99,-99,0
1,2012,359,17487.39,21.8,30.8,-99,-99,0
1,2012,360,17196.19,22,31.8,-99,-99,0
1,2012,361,18883.11,23,32,-99,-99,8.2
1,2012,362,20418.1,21.8,29.8,-99,-99,0
1,2012,363,22684.48,22.6,33.6,-99,-99,0
1,2012,364,20602.52,21.6,34,-99,-99,0
1,2012,365,23969.78,22.2,35,-99,-99,0
1,2012,366,22342.41,23.6,32,-99,-99,0
