-75,3.91,415,0,0
1,2010,1,22774.43,23,33.6,-99,-99,0
1,2010,2,21879.64,23.4,34.8,-99,-99,0
1,2010,3,24700.34,23.2,34.6,-99,-99,0
1,2010,4,21394.09,21.8,34.2,-99,-99,0
1,2010,5,20891.02,22.8,34,-99,-99,0
1,2010,6,18688.54,23.4,33.8,-99,-99,0
1,2010,7,21847.81,24.2,35.6,-99,-99,0
1,2010,8,13749.6,23.6,34.6,-99,-99,0
1,2010,9,18616.34,24.2,36.4,-99,-99,0
1,2010,10,16668.61,23,34.8,-99,-99,0
1,2010,11,16162.75,23.8,33.6,-99,-99,0
1,2010,12,22365.75,24,35.2,-99,-99,0
1,2010,13,20417.89,24,35.6,-99,-99,0
1,2010,14,22554.11,23.6,37.2,-99,-99,0
1,2010,15,23772.1,24.2,36.2,-99,-99,0
1,2010,16,15210.68,23.8,34.8,-99,-99,0
1,2010,17,20527.35,23.8,36.6,-99,-99,0
1,2010,18,20821.55,23,36.8,-99,-99,0
1,2010,19,17135,23,34.2,-99,-99,8
1,2010,20,21945.7,23,35,-99,-99,0
1,2010,21,23841.98,22,37.6,-99,-99,0
1,2010,22,16946.39,22.8,35.6,-99,-99,0
1,2010,23,21912.13,24.6,35.8,-99,-99,0
1,2010,24,16999.76,23,36.8,-99,-99,50.3
1,2010,25,14617.01,22,34.4,-99,-99,1.4
1,2010,26,18797.7,23,32.4,-99,-99,0
1,2010,27,19499.65,23.8,33.8,-99,-99,0
1,2010,28,13882.63,22.6,33.4,-99,-99,0
1,2010,29,21449.34,22.8,34.8,-99,-99,0
1,2010,30,21754.35,23.6,37,-99,-99,0
1,2010,31,10305.22,22.8,36.8,-99,-99,0
1,2010,32,24532.64,23.8,37.8,-99,-99,0
1,2010,33,23488.65,22.8,39.6,-99,-99,0
1,2010,34,22848.62,23.4,38.4,-99,-99,0
1,2010,35,19215.55,23.8,38.6,-99,-99,0
1,2010,36,20745.39,24,37.6,-99,-99,0.3
1,2010,37,13961.08,22.6,36.8,-99,-99,9
1,2010,38,18765.23,23,37.4,-99,-99,0
1,2010,39,20848.05,23.6,37.4,-99,-99,61
1,2010,40,10470.54,22.4,32,-99,-99,8.4
1,2010,41,20641.41,22.4,34.2,-99,-99,15.2
1,2010,42,17651.76,22,32,-99,-99,0
1,2010,43,18093.03,24.2,35.8,-99,-99,0
1,2010,44,23633.81,23,35,-99,-99,0
1,2010,45,17460.4,24,32.2,-99,-99,0
1,2010,46,14309.31,24.6,32.2,-99,-99,0
1,2010,47,17376.16,23,33.6,-99,-99,0
1,2010,48,21698.02,23.6,35.8,-99,-99,0
1,2010,49,19648.43,24,34.4,-99,-99,0
1,2010,50,13425.02,22.8,33.6,-99,-99,0
1,2010,51,15670.66,25,36.2,-99,-99,0
1,2010,52,22517.59,23.6,38.4,-99,-99,0
1,2010,53,21571.58,22.6,36.8,-99,-99,10.2
1,2010,54,11268.85,22,30.6,-99,-99,1
1,2010,55,15757.22,22.6,34.6,-99,-99,0
1,2010,56,16477.2,23,33,-99,-99,3
1,2010,57,10754.94,22,31.2,-99,-99,2.8
1,2010,58,24229.45,21.8,33.2,-99,-99,0
1,2010,59,21449.39,24,35.2,-99,-99,0
1,2010,60,20348.88,22.6,36.2,-99,-99,0
1,2010,61,10808.92,23.2,31.6,-99,-99,0.8
1,2010,62,10821.35,21.6,28.8,-99,-99,1.8
1,2010,63,20269.91,22,33.4,-99,-99,0.1
1,2010,64,21557.26,23,35.4,-99,-99,0
1,2010,65,19883.4,22.4,34.8,-99,-99,0.5
1,2010,66,18912.01,22.4,34.6,-99,-99,0
1,2010,67,19915.81,23,35.6,-99,-99,0
1,2010,68,15832.32,24,34.6,-99,-99,2
1,2010,69,22206.81,22,33.8,-99,-99,10
1,2010,70,23211.04,21.8,34.6,-99,-99,0
1,2010,71,17563.34,22.6,35.4,-99,-99,0
1,2010,72,16865.44,23.6,34.2,-99,-99,7.7
1,2010,73,20131.72,21.8,35.4,-99,-99,0
1,2010,74,15607.34,22.6,36.2,-99,-99,0
1,2010,75,14480.61,23,33.8,-99,-99,1.2
1,2010,76,11368.56,23.8,32.8,-99,-99,0
1,2010,77,22570.82,22.8,33.4,-99,-99,0.8
1,2010,78,14212.43,23,36.2,-99,-99,0
1,2010,79,23997.05,24.2,33.6,-99,-99,0.3
1,2010,80,23999.58,24.36,37.8,-99,-99,0
1,2010,81,23717.37,24.62,36.8,-99,-99,0
1,2010,82,25276.31,25.33,37.4,-99,-99,0
1,2010,83,23007.77,23.2,39.36,-99,-99,0
1,2010,84,22863.84,23.17,38,-99,-99,0
1,2010,85,13230.62,25.86,37.8,-99,-99,0
1,2010,86,25120.87,24,38.6,-99,-99,0
1,2010,87,23557.59,24.89,37.2,-99,-99,0
1,2010,88,22701.64,24.47,38.2,-99,-99,0
1,2010,89,10959.43,23.95,30.4,-99,-99,5.7
1,2010,90,11521.89,24.01,30.4,-99,-99,0
1,2010,91,17308.01,25.64,34.8,-99,-99,0.3
1,2010,92,19134.66,26.02,35.2,-99,-99,35.2
1,2010,93,17009.24,25.41,31.4,-99,-99,0
1,2010,94,20911.32,25.37,34.6,-99,-99,3.4
1,2010,95,21636.29,24.77,34.8,-99,-99,28.5
1,2010,96,19229.68,25.06,31.8,-99,-99,34
1,2010,97,20374.99,23.5,31.8,-99,-99,12
1,2010,98,23460.16,24,32.2,-99,-99,65.2
1,2010,99,13249.59,25.49,29,-99,-99,0.5
1,2010,100,22957.22,24.3,34,-99,-99,47
1,2010,101,19593.75,23.8,31.6,-99,-99,0
1,2010,102,18994.93,24.56,33,-99,-99,12
1,2010,103,15903.16,24,31,-99,-99,11
1,2010,104,18259.72,23.86,31,-99,-99,2.5
1,2010,105,12666.09,23.35,31.4,-99,-99,26
1,2010,106,13210.17,23.4,29.6,-99,-99,5.2
1,2010,107,20425.1,23.5,33.2,-99,-99,0
1,2010,108,20956.66,23.4,33.8,-99,-99,46.5
1,2010,109,10810.33,23.82,26.2,-99,-99,33.2
1,2010,110,22844.13,22.6,31.4,-99,-99,0
1,2010,111,24612.45,23.95,34,-99,-99,0
1,2010,112,22233.1,24,35.6,-99,-99,0
1,2010,113,21100.73,22.6,35.4,-99,-99,0.4
1,2010,114,16942.59,24,34.8,-99,-99,0.1
1,2010,115,19531.58,24.32,35,-99,-99,20.6
1,2010,116,12093.49,24.4,32.6,-99,-99,1
1,2010,117,13447.92,23.17,32.8,-99,-99,30.4
1,2010,118,11103.77,24.35,32,-99,-99,20.2
1,2010,119,11908.58,23.25,32.4,-99,-99,2
1,2010,120,12028.69,22.8,28.8,-99,-99,0
1,2010,121,21135.13,23,33,-99,-99,0
1,2010,122,22055.21,23.6,34.2,-99,-99,30
1,2010,123,13335.56,24,29.2,-99,-99,1.8
1,2010,124,15619.87,23,30,-99,-99,5.2
1,2010,125,18843.51,23.6,32.2,-99,-99,20.8
1,2010,126,18409.84,23.8,32,-99,-99,0
1,2010,127,22022.54,22.6,32.58,-99,-99,0
1,2010,128,18488.71,23.05,33.8,-99,-99,0
1,2010,129,20745.31,22,33.6,-99,-99,0
1,2010,130,20331.87,22,35.2,-99,-99,1
1,2010,131,15591.71,22,31.4,-99,-99,0
1,2010,132,12893.84,23.38,31.4,-99,-99,0
1,2010,133,19283.89,21.9,35.4,-99,-99,0
1,2010,134,17921.91,22.6,34,-99,-99,0
1,2010,135,20557.07,23,35.2,-99,-99,37.2
1,2010,136,18400.46,23.6,35.2,-99,-99,0
1,2010,137,18240.87,23,32,-99,-99,0
1,2010,138,22585.69,23,34,-99,-99,0.1
1,2010,139,21230.32,23,33.6,-99,-99,0.6
1,2010,140,18426.8,23,32,-99,-99,1.3
1,2010,141,17873.65,24.62,32.6,-99,-99,16.5
1,2010,142,14294.16,24,32.4,-99,-99,9.2
1,2010,143,11119.81,23.4,31.8,-99,-99,0
1,2010,144,20558.57,24.65,32.8,-99,-99,54.5
1,2010,145,17122.84,23.83,32.6,-99,-99,30.7
1,2010,146,10292.82,24.45,29.4,-99,-99,10.2
1,2010,147,11588.23,23,27.8,-99,-99,3.8
1,2010,148,14578.18,21.6,31.2,-99,-99,0
1,2010,149,19256.41,23,33.6,-99,-99,0
1,2010,150,21057.88,23.72,33.6,-99,-99,0
1,2010,151,13505.32,23.96,33.2,-99,-99,5
1,2010,152,15942.93,23.14,32.2,-99,-99,14.9
1,2010,153,19990.85,23,31.8,-99,-99,2.5
1,2010,154,11890.64,22,29.6,-99,-99,1
1,2010,155,18356.72,21.6,31.2,-99,-99,0
1,2010,156,23645.83,20,33.4,-99,-99,0
1,2010,157,16125.51,21.15,34.6,-99,-99,0
1,2010,158,15207.79,19.07,32,-99,-99,0
1,2010,159,16615.58,21.6,30.2,-99,-99,0.7
1,2010,160,19569.42,22.2,31.4,-99,-99,0
1,2010,161,16849.18,21.2,32,-99,-99,0
1,2010,162,18769.81,19.85,32.4,-99,-99,0
1,2010,163,19916.53,19.86,33,-99,-99,0
1,2010,164,22734.84,20.06,33.2,-99,-99,0
1,2010,165,16552.39,21.1,31.2,-99,-99,11
1,2010,166,12047.52,23,30,-99,-99,0
1,2010,167,13326.85,22.8,28.6,-99,-99,1.4
1,2010,168,20382.9,21.2,31.4,-99,-99,0
1,2010,169,12675.98,21.2,30,-99,-99,2.3
1,2010,170,19215.91,20.73,32.2,-99,-99,0
1,2010,171,10104.29,23,28,-99,-99,4.4
1,2010,172,20747.22,21.8,32,-99,-99,1.3
1,2010,173,14076.52,23,30.4,-99,-99,2.1
1,2010,174,19845.55,21.6,32.6,-99,-99,0
1,2010,175,23563.54,21.8,33.2,-99,-99,0
1,2010,176,11510.89,22,33.6,-99,-99,0
1,2010,177,15230.61,23,32.6,-99,-99,0
1,2010,178,15489,21.8,32.8,-99,-99,0
1,2010,179,19596.72,22,34,-99,-99,0
1,2010,180,15495.1,21.2,33.2,-99,-99,0
1,2010,181,17681.29,21,33.6,-99,-99,0
1,2010,182,16146.2,21.8,33,-99,-99,30.7
1,2010,183,14610.7,21.2,30.8,-99,-99,0
1,2010,184,18985.99,21,34.6,-99,-99,0
1,2010,185,13594.72,21.8,30.6,-99,-99,12
1,2010,186,16431.66,22.8,32.6,-99,-99,17.6
1,2010,187,17084.31,23.2,31.6,-99,-99,8
1,2010,188,14647.17,23,30,-99,-99,50.8
1,2010,189,16460.95,23.4,30.4,-99,-99,7.3
1,2010,190,19051.97,22,34,-99,-99,0
1,2010,191,17645.84,21.2,34.2,-99,-99,0.2
1,2010,192,11586.91,21.8,31.8,-99,-99,1
1,2010,193,17932.18,20.2,32.8,-99,-99,10.9
1,2010,194,20277.08,22,33.2,-99,-99,2
1,2010,195,14465.12,21.6,32.8,-99,-99,1
1,2010,196,13440.64,22,33.6,-99,-99,30.6
1,2010,197,10207.64,22.54,29.8,-99,-99,6
1,2010,198,14765.49,20.8,31.2,-99,-99,0
1,2010,199,11527.75,20.67,30,-99,-99,0
1,2010,200,20005.25,20.96,33,-99,-99,0
1,2010,201,20157.34,20.6,33.8,-99,-99,0
1,2010,202,16654.81,21.6,34,-99,-99,0
1,2010,203,19679.91,21.4,33.8,-99,-99,0
1,2010,204,21011.55,20,32.6,-99,-99,0
1,2010,205,22478.07,19.94,33.6,-99,-99,0
1,2010,206,20143.59,21,33,-99,-99,0.2
1,2010,207,12284.99,21.8,32,-99,-99,0.4
1,2010,208,10589.19,21,30,-99,-99,0
1,2010,209,13236.54,20.06,32.4,-99,-99,0
1,2010,210,14176.27,20.57,30.8,-99,-99,0
1,2010,211,17364.68,21.67,33.2,-99,-99,0
1,2010,212,11962.8,22.8,31.62,-99,-99,2.5
1,2010,213,15024.86,22.4,30,-99,-99,0.1
1,2010,214,16901.68,22,32.2,-99,-99,0
1,2010,215,23434.4,21.8,32,-99,-99,0
1,2010,216,16014.63,21,35,-99,-99,0
1,2010,217,21232.58,21,34,-99,-99,0
1,2010,218,11118.98,20,33.2,-99,-99,0
1,2010,219,10999.17,19.06,32,-99,-99,0
1,2010,220,18641.73,20,35,-99,-99,0
1,2010,221,22285.45,20.11,37,-99,-99,0
1,2010,222,18019.99,20.8,36.8,-99,-99,0
1,2010,223,19119.02,20,33.8,-99,-99,0
1,2010,224,11201.4,20,32.4,-99,-99,0
1,2010,225,13237.11,21,33,-99,-99,0.1
1,2010,226,12713.31,21.6,29.4,-99,-99,5.4
1,2010,227,18271.78,20,35.4,-99,-99,0
1,2010,228,22897.91,19.04,36.2,-99,-99,0
1,2010,229,16012.54,20.63,34.6,-99,-99,0
1,2010,230,16167.49,23,35,-99,-99,0.4
1,2010,231,19313.34,22,33.8,-99,-99,0
1,2010,232,15660.82,20,35.8,-99,-99,0
1,2010,233,15133.3,22.4,35,-99,-99,0
1,2010,234,16105.33,20,36,-99,-99,0
1,2010,235,12843.09,21.55,34.8,-99,-99,0
1,2010,236,12445.62,22,32,-99,-99,0
1,2010,237,10950.87,22.8,30.4,-99,-99,7
1,2010,238,15486.98,23,33.2,-99,-99,0
1,2010,239,17149.66,23.05,33,-99,-99,0
1,2010,240,15791.29,21.8,32,-99,-99,0
1,2010,241,17319.34,22.2,30,-99,-99,2
1,2010,242,18574.54,21.15,35,-99,-99,0
1,2010,243,16246.15,22,34.2,-99,-99,0
1,2010,244,18191.77,23.8,33.4,-99,-99,58.9
1,2010,245,17653.34,22.21,30.6,-99,-99,3.3
1,2010,246,15730.2,20,32.2,-99,-99,0.2
1,2010,247,21416.25,21.4,34,-99,-99,0
1,2010,248,24478.95,21,33,-99,-99,0
1,2010,249,13126.03,21.6,31,-99,-99,0.5
1,2010,250,10773.96,21.8,29,-99,-99,2.1
1,2010,251,13000.17,21.8,32.2,-99,-99,0
1,2010,252,21996.25,21.4,33,-99,-99,0
1,2010,253,23998.27,22.6,35.4,-99,-99,0
1,2010,254,20825.09,23,33.2,-99,-99,0
1,2010,255,23050.07,22,35.2,-99,-99,0
1,2010,256,21488.15,21.8,35.4,-99,-99,0
1,2010,257,18973.13,22.8,34,-99,-99,0
1,2010,258,13657.24,21.8,32.2,-99,-99,0
1,2010,259,22269.2,20,35.4,-99,-99,0
1,2010,260,12331.62,22,32.6,-99,-99,0
1,2010,261,15679.87,22,33,-99,-99,0
1,2010,262,12601.39,21.8,34.4,-99,-99,0.5
1,2010,263,20564.11,22,32.6,-99,-99,4.7
1,2010,264,21121.64,23,32.6,-99,-99,6
1,2010,265,24330.49,22.2,30,-99,-99,1.1
1,2010,266,10787.15,23.8,29.8,-99,-99,0
1,2010,267,18461.15,23,31.8,-99,-99,0
1,2010,268,17619.08,23,32.2,-99,-99,10.3
1,2010,269,18730.24,22.8,32.8,-99,-99,1.7
1,2010,270,11607.26,23,28.2,-99,-99,0
1,2010,271,10903.97,23,32.8,-99,-99,0
1,2010,272,22474.3,23,34.6,-99,-99,3.8
1,2010,273,20093.81,24.32,32.4,-99,-99,0
1,2010,274,11302.36,23,33.6,-99,-99,0
1,2010,275,13941.83,24.69,32.8,-99,-99,1.8
1,2010,276,11286.39,23.83,33,-99,-99,5
1,2010,277,18933.47,22.8,30.6,-99,-99,9
1,2010,278,17111.58,22,33,-99,-99,2
1,2010,279,15986.19,22.8,31.8,-99,-99,30
1,2010,280,17362.67,23.91,35.6,-99,-99,0
1,2010,281,14293.02,22.8,33,-99,-99,0
1,2010,282,21773.2,22,32,-99,-99,0.5
1,2010,283,13850.1,21.6,34.6,-99,-99,0
1,2010,284,23257.85,20,35,-99,-99,0
1,2010,285,17421.15,22.4,34.8,-99,-99,0
1,2010,286,24319.2,23.2,36.2,-99,-99,0
1,2010,287,14620.52,23,31.2,-99,-99,2.4
1,2010,288,11566.36,22.8,33,-99,-99,0.2
1,2010,289,15000.59,23,32.8,-99,-99,0
1,2010,290,16636.22,23.6,32.6,-99,-99,0.1
1,2010,291,17992.69,22,33,-99,-99,2.5
1,2010,292,17970.68,23.2,34.2,-99,-99,0
1,2010,293,12232.42,22.2,32.6,-99,-99,0
1,2010,294,17376.41,23,33.2,-99,-99,0
1,2010,295,19135.34,23.8,32.6,-99,-99,0
1,2010,296,20205.26,23.2,33,-99,-99,0
1,2010,297,20588.55,23.8,34.6,-99,-99,0
1,2010,298,19877.96,23.6,33.2,-99,-99,0.6
1,2010,299,11939.82,22.8,30.8,-99,-99,0
1,2010,300,16553.7,23.6,31.8,-99,-99,7.2
1,2010,301,19250.96,23,33.8,-99,-99,0.1
1,2010,302,17728.89,23.2,33,-99,-99,0
1,2010,303,15803.42,24,32.2,-99,-99,0
1,2010,304,17812.86,23.6,33.2,-99,-99,0
1,2010,305,20222.83,23.8,33.2,-99,-99,0
1,2010,306,14786.91,24,32.2,-99,-99,0
1,2010,307,15831.2,23.6,30,-99,-99,40.2
1,2010,308,22023.71,23,33.2,-99,-99,0
1,2010,309,20288.76,23.4,32.8,-99,-99,0
1,2010,310,10799.01,21.2,30.4,-99,-99,30.6
1,2010,311,15883.62,22.8,30.6,-99,-99,0
1,2010,312,10228.86,24,31.6,-99,-99,0
1,2010,313,19285.89,23.6,32.6,-99,-99,12.3
1,2010,314,17283.46,22.8,30.4,-99,-99,4
1,2010,315,15063.68,22.4,28.6,-99,-99,6
1,2010,316,10965.43,23.6,29,-99,-99,30.7
1,2010,317,15876.47,23,31,-99,-99,70.5
1,2010,318,15587.66,21,30.8,-99,-99,4
1,2010,319,11846.17,23,31,-99,-99,0
1,2010,320,15941.63,23.2,30.8,-99,-99,10
1,2010,321,10089.78,22.6,27.8,-99,-99,5
1,2010,322,15236.32,21.6,31,-99,-99,0
1,2010,323,19445.36,23,32.2,-99,-99,5
1,2010,324,20180.03,22.8,31,-99,-99,2
1,2010,325,19527.61,23,31.8,-99,-99,6.2
1,2010,326,20557.16,22.2,30.8,-99,-99,0.5
1,2010,327,21321.83,23,32.4,-99,-99,0
1,2010,328,19719.99,24,31.8,-99,-99,0
1,2010,329,16415.63,23.2,31.2,-99,-99,0
1,2010,330,20762.38,23.4,32.2,-99,-99,0
1,2010,331,18344.63,24,29.8,-99,-99,8.6
1,2010,332,17278.55,23,31.8,-99,-99,5.5
1,2010,333,20399.55,23,31.6,-99,-99,0
1,2010,334,21294.7,23,32.4,-99,-99,6.6
1,2010,335,18675.09,23.2,31.4,-99,-99,2
1,2010,336,15703.54,22.2,30.4,-99,-99,28.5
1,2010,337,10941.41,21.4,25.47,-99,-99,8
1,2010,338,12076.67,22.2,29,-99,-99,3
1,2010,339,18344.53,22.4,30.4,-99,-99,0
1,2010,340,21843.65,23,32,-99,-99,0
1,2010,341,12080.82,22.2,30.4,-99,-99,7.7
1,2010,342,15321.35,22,30,-99,-99,17.8
1,2010,343,19598.09,21,31.4,-99,-99,2.5
1,2010,344,17122.52,22,31,-99,-99,0
1,2010,345,18282.72,22.8,31.4,-99,-99,0
1,2010,346,14384.86,24,32,-99,-99,0
1,2010,347,14509.69,24,31.8,-99,-99,0
1,2010,348,15024.12,22,31,-99,-99,0
1,2010,349,15279.95,23.2,30.4,-99,-99,2.2
1,2010,350,12037.88,22.6,30,-99,-99,0
1,2010,351,11647.78,23.4,30.2,-99,-99,0
1,2010,352,12035.77,21.8,30.2,-99,-99,6.7
1,2010,353,17347.87,22.8,31.4,-99,-99,1
1,2010,354,19810.75,22.6,31.6,-99,-99,0
1,2010,355,17091.7,21.6,30.6,-99,-99,0
1,2010,356,14761.66,22.2,30,-99,-99,0
1,2010,357,10357.36,23.6,28.2,-99,-99,1.5
1,2010,358,12824.14,21.4,30,-99,-99,2
1,2010,359,12309.68,22,30.2,-99,-99,0
1,2010,360,10368.16,23.4,29.46,-99,-99,1
1,2010,361,17902.49,23,31,-99,-99,0
1,2010,362,11936.94,23.4,30,-99,-99,0
1,2010,363,18831.13,23.2,31.6,-99,-99,0
1,2010,364,22393.53,23.6,32.4,-99,-99,0
1,2010,365,22628.18,23,32.8,-99,-99,0
