-75,3.91,415,0,0
1,2015,1,22189.32,22,33,-99,-99,0
1,2015,2,23921.41,20,32.7,-99,-99,0
1,2015,3,24556.22,21.6,33,-99,-99,0
1,2015,4,24009.8,20,33.58,-99,-99,0
1,2015,5,24152.29,20,33.4,-99,-99,0
1,2015,6,24728.06,19.02,33.29,-99,-99,0
1,2015,7,24247.29,17.97,33.5,-99,-99,0
1,2015,8,16348.64,20,32.4,-99,-99,0
1,2015,9,18312.46,20,33.35,-99,-99,0
1,2015,10,22880.18,20,34.37,-99,-99,0
1,2015,11,22974.38,22,34.6,-99,-99,0
1,2015,12,23438.89,22.2,35.4,-99,-99,0
1,2015,13,24152.29,21.4,35.31,-99,-99,0
1,2015,14,22419.09,23.2,33.27,-99,-99,0
1,2015,15,19026.47,22.8,34.5,-99,-99,0
1,2015,16,20462.34,23,33.67,-99,-99,0
1,2015,17,13863.44,23.6,33.4,-99,-99,21.5
1,2015,18,22161.58,24.22,32.08,-99,-99,0
1,2015,19,13554.94,23,29.67,-99,-99,34.3
1,2015,20,12707.32,22.8,32.6,-99,-99,33
1,2015,21,15662.64,23,31.65,-99,-99,44.1
1,2015,22,11962.93,22.6,30.51,-99,-99,0
1,2015,23,16490.3,22.6,31.8,-99,-99,0
1,2015,24,11826.21,22.8,31.6,-99,-99,0
1,2015,25,23332.56,22.8,33.4,-99,-99,0
1,2015,26,21615.1,22.8,33.76,-99,-99,0
1,2015,27,19933.48,23.6,32,-99,-99,8.3
1,2015,28,22658.32,22.2,35,-99,-99,0
1,2015,29,21556.72,21.55,34.44,-99,-99,2.5
1,2015,30,21852.69,22,34.58,-99,-99,0
1,2015,31,15016,23.4,31.6,-99,-99,0
1,2015,32,16852.45,22.57,32.4,-99,-99,0
1,2015,33,21615.1,20.88,32,-99,-99,0
1,2015,34,17049.74,22,33.4,-99,-99,0
1,2015,35,19666.94,21.95,34.2,-99,-99,0
1,2015,36,16210.82,23,34.15,-99,-99,0
1,2015,37,10584.09,23.2,33.4,-99,-99,3.9
1,2015,38,16112.21,23.4,32,-99,-99,9
1,2015,39,16060.64,23,30,-99,-99,20.9
1,2015,40,17347.73,22.4,32,-99,-99,0
1,2015,41,16304.89,23,30.49,-99,-99,0
1,2015,42,17151.79,23.4,31.8,-99,-99,5.6
1,2015,43,20704.77,23.4,32,-99,-99,7.3
1,2015,44,18675.09,22.8,32.2,-99,-99,0
1,2015,45,18712.32,22.8,31.71,-99,-99,0
1,2015,46,17715.55,23.2,33,-99,-99,0
1,2015,47,23675.4,23.63,34.57,-99,-99,0
1,2015,48,25365.63,21.6,35.23,-99,-99,0
1,2015,49,23050.07,24.43,34.5,-99,-99,0
1,2015,50,23092.81,24.2,35,-99,-99,0
1,2015,51,19907.92,24.4,33.73,-99,-99,0
1,2015,52,21378.97,23.75,32.8,-99,-99,0
1,2015,53,24658.76,22.21,35.61,-99,-99,0
1,2015,54,24025.63,23,33.4,-99,-99,0
1,2015,55,22604.88,23,33.21,-99,-99,0
1,2015,56,15746.09,24.72,32,-99,-99,3.2
1,2015,57,23438.89,22.6,34,-99,-99,0.2
1,2015,58,20911.32,22.4,34.2,-99,-99,0.2
1,2015,59,23344.04,23.45,34.6,-99,-99,2.3
1,2015,60,22880.18,24,32.5,-99,-99,0.2
1,2015,61,22833.3,23,33.41,-99,-99,0.4
1,2015,62,11654.92,24,32,-99,-99,5.5
1,2015,63,17151.79,23,34.46,-99,-99,15
1,2015,64,23135.55,23.2,34.2,-99,-99,0
1,2015,65,17294.16,24.12,33.92,-99,-99,0
1,2015,66,17445.65,23.6,34.07,-99,-99,0.9
1,2015,67,21448.78,23.2,35.15,-99,-99,0
1,2015,68,12886.65,23.2,35,-99,-99,0
1,2015,69,13604.56,23.66,35,-99,-99,0.8
1,2015,70,19075.15,23.5,37.05,-99,-99,0
1,2015,71,24570.87,24.14,35.61,-99,-99,0
1,2015,72,21815.09,24.89,34.5,-99,-99,15.5
1,2015,73,21318.11,25.19,34,-99,-99,6.7
1,2015,74,23637.54,23.45,36.22,-99,-99,12.4
1,2015,75,20970.96,24.74,32.6,-99,-99,0
1,2015,76,21186.86,25.1,30.29,-99,-99,41.5
1,2015,77,10204.99,23.69,30.31,-99,-99,1.6
1,2015,78,17843.86,22.8,33.6,-99,-99,0.8
1,2015,79,15662.64,23,32.4,-99,-99,37.4
1,2015,80,13709.92,23.05,30.42,-99,-99,0
1,2015,81,21318.11,22.8,31,-99,-99,0.1
1,2015,82,18809.75,23.37,32.55,-99,-99,3.6
1,2015,83,16392.38,23.4,30.73,-99,-99,0.5
1,2015,84,19123.2,23.4,31.44,-99,-99,0
1,2015,85,15292.36,22.8,28.99,-99,-99,0
1,2015,86,20666.77,23,33.5,-99,-99,0
1,2015,87,15063.68,24.78,32.04,-99,-99,51
1,2015,88,10302.48,23.73,30.41,-99,-99,0
1,2015,89,15518.35,22.8,32.4,-99,-99,0
1,2015,90,22809.86,23.73,32.8,-99,-99,0
1,2015,91,22429.04,23.6,33.2,-99,-99,0
1,2015,92,11894.57,22.8,33,-99,-99,2.9
1,2015,93,15662.64,23,33.29,-99,-99,6
1,2015,94,20570.54,22.2,32.97,-99,-99,58.4
1,2015,95,16630.6,23.37,31.34,-99,-99,0
1,2015,96,21186.86,22.6,32.4,-99,-99,1.6
1,2015,97,17049.74,22.8,32.83,-99,-99,0
1,2015,98,19558.62,22.8,30.27,-99,-99,0
1,2015,99,20570.54,20.39,34.07,-99,-99,0
1,2015,100,20825.09,23.2,33,-99,-99,0
1,2015,101,13815.29,22.8,31,-99,-99,0
1,2015,102,19703.53,22.27,33.6,-99,-99,0
1,2015,103,21065.58,22.2,33,-99,-99,0
1,2015,104,16674.05,23,32.53,-99,-99,0
1,2015,105,18761.03,23.4,31,-99,-99,20
1,2015,106,20110.2,22.6,32.27,-99,-99,23.2
1,2015,107,20779.97,23,31.4,-99,-99,3.5
1,2015,108,22710.65,22.8,30.89,-99,-99,16
1,2015,109,20331.87,22.2,31.2,-99,-99,15
1,2015,110,21028.53,23,29.62,-99,-99,21.5
1,2015,111,18600.65,21.8,31.4,-99,-99,1.4
1,2015,112,21710.89,22,32.5,-99,-99,0
1,2015,113,15831.2,21.6,33,-99,-99,0
1,2015,114,20698.9,22.05,33,-99,-99,0
1,2015,115,12850.78,23.2,30.63,-99,-99,1.1
1,2015,116,12850.78,22,33.44,-99,-99,0
1,2015,117,22658.32,21.73,34.5,-99,-99,0
1,2015,118,10845.42,23.4,33.27,-99,-99,0
1,2015,119,24380.36,24.4,34.2,-99,-99,0
1,2015,120,14702.02,23.25,33.05,-99,-99,0.87
1,2015,121,12548.43,23,33.4,-99,-99,0
1,2015,122,23993.97,23.98,34.2,-99,-99,0
1,2015,123,19632.22,24.05,31.62,-99,-99,0
1,2015,124,23178.29,22.6,35.03,-99,-99,0
1,2015,125,21219.67,23.73,34.2,-99,-99,0
1,2015,126,21065.58,23.6,32.2,-99,-99,0
1,2015,127,23675.4,22,35.31,-99,-99,0
1,2015,128,16992.1,23.4,32.5,-99,-99,10.4
1,2015,129,17151.79,22.45,35,-99,-99,0
1,2015,130,17347.73,22.8,34.26,-99,-99,0
1,2015,131,16348.64,22.6,35.35,-99,-99,0
1,2015,132,15884.74,23.6,34.6,-99,-99,0
1,2015,133,14495,23.72,34.6,-99,-99,0
1,2015,134,12707.32,22.2,32.4,-99,-99,0
1,2015,135,20911.32,22.8,33.2,-99,-99,0
1,2015,136,20110.2,22,34.98,-99,-99,0
1,2015,137,18106.66,24,34.7,-99,-99,0
1,2015,138,14649.74,23.35,33.6,-99,-99,0
1,2015,139,23368.8,22,34.5,-99,-99,0
1,2015,140,21252.48,22.6,35.46,-99,-99,0
1,2015,141,17396.69,23.2,33.2,-99,-99,0.8
1,2015,142,13815.29,22.34,35,-99,-99,0.5
1,2015,143,10753.1,23,34.5,-99,-99,0
1,2015,144,23656.47,21.85,35,-99,-99,0.6
1,2015,145,14443.28,22.2,34,-99,-99,25.4
1,2015,146,21890.29,23,34.7,-99,-99,57.9
1,2015,147,12548.43,22.87,34.5,-99,-99,0
1,2015,148,13249.59,23,32,-99,-99,81.5
1,2015,149,11792.03,22.8,34.93,-99,-99,6.3
1,2015,150,15452.93,22.8,34.46,-99,-99,2.8
1,2015,151,19949.39,22.8,35.09,-99,-99,0
1,2015,152,13554.94,22,34.6,-99,-99,0
1,2015,153,20462.34,22.21,35.09,-99,-99,0
1,2015,154,12076.67,22.8,34.6,-99,-99,0.2
1,2015,155,22935.09,23,34.6,-99,-99,0
1,2015,156,14292.2,23,34.2,-99,-99,0
1,2015,157,20331.87,22,35.45,-99,-99,0
1,2015,158,20180.03,22,34.8,-99,-99,0
1,2015,159,15111.37,21.9,34.6,-99,-99,0
1,2015,160,15452.93,22.8,34.65,-99,-99,69
1,2015,161,17715.55,22,31.4,-99,-99,10
1,2015,162,16898.19,20,34.5,-99,-99,0.4
1,2015,163,17396.69,21,34.82,-99,-99,0
1,2015,164,15292.36,21.6,33.6,-99,-99,0
1,2015,165,22269.2,22.4,35.4,-99,-99,0
1,2015,166,17529.12,22.34,34.96,-99,-99,0
1,2015,167,19751.48,22,34.48,-99,-99,0
1,2015,168,18525.97,21.8,35.24,-99,-99,0
1,2015,169,17196.19,22.8,35,-99,-99,0
1,2015,170,23809.17,21.6,35.4,-99,-99,0
1,2015,171,21550.36,23.8,33.62,-99,-99,0
1,2015,172,13197.43,22.54,34,-99,-99,0
1,2015,173,16717.51,22,34.6,-99,-99,0
1,2015,174,14007.13,22.2,34.98,-99,-99,0
1,2015,175,13011.62,23.75,35,-99,-99,0
1,2015,176,14649.74,23.2,35.03,-99,-99,0
1,2015,177,14149.27,22.8,34.2,-99,-99,0
1,2015,178,10961.1,23.37,34.65,-99,-99,0
1,2015,179,12274.44,22.2,34.45,-99,-99,0
1,2015,180,11962.93,22.8,34.6,-99,-99,0
1,2015,181,11295.18,22,34.57,-99,-99,0
1,2015,182,17843.86,22.2,36.46,-99,-99,0
1,2015,183,22684.48,22.87,36.85,-99,-99,0
1,2015,184,19832.94,22,37.1,-99,-99,0
1,2015,185,18045.31,24,35.09,-99,-99,0
1,2015,186,13959.75,23,35.34,-99,-99,0
1,2015,187,22844.83,23.45,35.14,-99,-99,0
1,2015,188,17891.1,23,34.6,-99,-99,0
1,2015,189,21378.97,22,34.6,-99,-99,0
1,2015,190,19799.42,21.1,35.44,-99,-99,0
1,2015,191,19949.39,21.6,35.21,-99,-99,0
1,2015,192,17796.63,22,35.6,-99,-99,0
1,2015,193,16210.82,21.6,34.6,-99,-99,0
1,2015,194,22762.98,20.8,37.43,-99,-99,0
1,2015,195,14862.05,22.8,35.22,-99,-99,22.2
1,2015,196,11039.86,23.6,35.53,-99,-99,0
1,2015,197,14649.74,22.27,36.8,-99,-99,0
1,2015,198,21146.43,22.6,36.54,-99,-99,0
1,2015,199,15662.64,23.35,34.7,-99,-99,0
1,2015,200,20762.38,21.4,36.26,-99,-99,0
1,2015,201,19523.49,23,34,-99,-99,2.9
1,2015,202,21448.78,22,34.63,-99,-99,0
1,2015,203,21826.77,23.1,33.27,-99,-99,0
1,2015,204,15746.09,21,35.17,-99,-99,7.6
1,2015,205,17049.74,20,35.74,-99,-99,0
1,2015,206,22684.48,20,35.32,-99,-99,0
1,2015,207,17107.38,20.7,35.65,-99,-99,0
1,2015,208,13709.92,22.05,36.15,-99,-99,0
1,2015,209,16806.71,22.8,35.56,-99,-99,0
1,2015,210,17715.55,23,35.23,-99,-99,0
1,2015,211,14054.51,20.57,36.12,-99,-99,0
1,2015,212,14897.47,21.85,36.5,-99,-99,0.38
1,2015,213,16945.15,21.4,36.43,-99,-99,0
1,2015,214,20074.41,23.4,35.97,-99,-99,0
1,2015,215,21106.01,22.54,37.56,-99,-99,0
1,2015,216,18600.65,23.2,36.12,-99,-99,0
1,2015,217,20538.56,23.4,37.66,-99,-99,0
1,2015,218,20538.56,24.08,37.39,-99,-99,0
1,2015,219,23073.51,24.68,35.72,-99,-99,0
1,2015,220,14862.05,23,35.59,-99,-99,0
1,2015,221,11447.47,23,34.6,-99,-99,0
1,2015,222,20216.27,22.2,37.73,-99,-99,0
1,2015,223,14932.89,22,35.43,-99,-99,0
1,2015,224,16898.19,21.35,37.45,-99,-99,0
1,2015,225,15244.78,21.9,36.8,-99,-99,0
1,2015,226,16112.21,23.86,37.47,-99,-99,0
1,2015,227,14702.02,24.2,36.56,-99,-99,1.3
1,2015,228,11826.21,24.4,35.22,-99,-99,0.4
1,2015,229,19488.35,23.25,37.47,-99,-99,0
1,2015,230,21318.11,23.2,37.51,-99,-99,0
1,2015,231,15063.68,23.77,35.89,-99,-99,0
1,2015,232,19075.15,23.2,37.46,-99,-99,0
1,2015,233,13249.59,23.98,37.04,-99,-99,0
1,2015,234,15831.2,24,36.58,-99,-99,0
1,2015,235,23571.34,24.79,36.4,-99,-99,0
1,2015,236,16806.71,23.73,35.63,-99,-99,0
1,2015,237,14339.84,24,36.49,-99,-99,0
1,2015,238,17570.85,23.37,37.61,-99,-99,0
1,2015,239,12161.97,24,35.52,-99,-99,0
1,2015,240,21219.67,23.37,35.55,-99,-99,0
1,2015,241,19215.52,21.8,37.5,-99,-99,0
1,2015,242,19412.79,22.8,35.58,-99,-99,0
1,2015,243,12274.44,23.29,35.4,-99,-99,0
1,2015,244,11620.34,22.54,37.27,-99,-99,0
1,2015,245,21615.1,22.6,37.46,-99,-99,0
1,2015,246,20991.48,22.8,37.46,-99,-99,0.4
1,2015,247,23204,23,38.54,-99,-99,0
1,2015,248,13815.29,23.6,36.3,-99,-99,0
1,2015,249,15244.78,24.16,35.99,-99,-99,2.1
1,2015,250,14054.51,24.67,37.36,-99,-99,0
1,2015,251,24809.45,24.52,38.96,-99,-99,0
1,2015,252,14968.31,24.53,37.48,-99,-99,0
1,2015,253,13709.92,24.98,35.69,-99,-99,0.4
1,2015,254,10213.46,23.6,34.98,-99,-99,0.3
1,2015,255,24057.3,22.34,37.7,-99,-99,0
1,2015,256,25601.25,21,38.27,-99,-99,0
1,2015,257,17622.93,22,38.58,-99,-99,0
1,2015,258,19666.94,22.8,38.12,-99,-99,0
1,2015,259,20374.99,22.45,38.23,-99,-99,0
1,2015,260,22736.81,22.6,37.32,-99,-99,0.3
1,2015,261,19593.75,25.03,34.93,-99,-99,0
1,2015,262,20180.03,24,34.5,-99,-99,0
1,2015,263,17347.73,23.2,34.5,-99,-99,0
1,2015,264,22023.71,21.8,37.18,-99,-99,0
1,2015,265,24395.01,22.21,37.97,-99,-99,0
1,2015,266,12601.39,22,37.67,-99,-99,0
1,2015,267,24843.86,24,38.55,-99,-99,0
1,2015,268,21348.54,22.54,38.86,-99,-99,0
1,2015,269,21815.09,23.2,39.42,-99,-99,0
1,2015,270,20570.54,22.2,38.87,-99,-99,0
1,2015,271,24672.62,21,38.95,-99,-99,0
1,2015,272,20793.74,24.82,35.51,-99,-99,14.4
1,2015,273,19412.79,25.46,33.41,-99,-99,0.67
1,2015,274,14702.02,24.7,34.53,-99,-99,10.7
1,2015,275,20288.76,24.4,35.4,-99,-99,0
1,2015,276,11447.47,22.6,37.1,-99,-99,0
1,2015,277,18761.03,24.34,37.58,-99,-99,0
1,2015,278,22342.41,23.8,39.35,-99,-99,0
1,2015,279,23050.07,24.97,38.75,-99,-99,0
1,2015,280,19832.94,24.58,37.41,-99,-99,0
1,2015,281,18260.56,24.08,35.97,-99,-99,0
1,2015,282,16992.1,24.38,37.21,-99,-99,2.5
1,2015,283,22974.32,24.75,35.31,-99,-99,2
1,2015,284,19026.47,23.63,38.18,-99,-99,1.6
1,2015,285,10882.35,24.44,34.23,-99,-99,7.8
1,2015,286,17942.5,24.05,33.09,-99,-99,4.6
1,2015,287,21065.58,24.65,34,-99,-99,13.6
1,2015,288,19832.94,24.2,33,-99,-99,0
1,2015,289,12886.65,23.17,31.42,-99,-99,0
1,2015,290,17294.16,21.2,34.2,-99,-99,0
1,2015,291,12654.36,22.57,35.22,-99,-99,0
1,2015,292,21644.29,22.2,35.28,-99,-99,0
1,2015,293,22939.35,22,37,-99,-99,0
1,2015,294,24009.8,21.8,37.41,-99,-99,0
1,2015,295,22550.32,23.6,36.01,-99,-99,1
1,2015,296,13554.94,24.97,32.42,-99,-99,0
1,2015,297,20731.03,24.64,34.2,-99,-99,5.6
1,2015,298,16945.15,23.91,33.2,-99,-99,0
1,2015,299,22114.97,22.21,32.6,-99,-99,0
1,2015,300,14932.89,22.4,34.2,-99,-99,0
1,2015,301,21186.86,22,35.95,-99,-99,0
1,2015,302,24183.96,22.8,35,-99,-99,0
1,2015,303,23897.22,23.38,36.33,-99,-99,0
1,2015,304,20762.38,24.4,31.58,-99,-99,1.9
1,2015,305,16674.05,23.63,32.6,-99,-99,2
1,2015,306,13197.43,22.67,32.7,-99,-99,0
1,2015,307,19412.79,22.4,34.6,-99,-99,3.7
1,2015,308,12048.23,24.32,29.5,-99,-99,0
1,2015,309,11792.03,23.83,30.12,-99,-99,3
1,2015,310,18260.56,23.4,32.4,-99,-99,9.8
1,2015,311,10697.71,23.6,30,-99,-99,36.5
1,2015,312,17942.5,22.2,31.55,-99,-99,0
1,2015,313,21065.58,21.6,33,-99,-99,0
1,2015,314,23656.47,22.2,33.6,-99,-99,0.3
1,2015,315,22361.14,22.4,33.49,-99,-99,0
1,2015,316,18525.97,21.8,34.2,-99,-99,0
1,2015,317,22393.53,22.8,34.6,-99,-99,0
1,2015,318,19799.42,22.6,34.2,-99,-99,0
1,2015,319,11962.93,23,32.4,-99,-99,0
1,2015,320,20634.64,22.8,30.6,-99,-99,0
1,2015,321,12779.05,23.2,29.64,-99,-99,4.8
1,2015,322,14649.74,22.8,32.6,-99,-99,0.7
1,2015,323,19751.48,23,33.4,-99,-99,0
1,2015,324,20920.75,24.04,33.53,-99,-99,0
1,2015,325,17843.86,24.05,30,-99,-99,6.4
1,2015,326,18675.09,22.6,32.4,-99,-99,53.4
1,2015,327,18106.66,23,32.12,-99,-99,0
1,2015,328,20634.64,22.8,33.21,-99,-99,46.3
1,2015,329,22957.22,23.88,33.69,-99,-99,17.5
1,2015,330,21409.4,22.67,34.93,-99,-99,54.5
1,2015,331,21370.07,23.75,33.71,-99,-99,0
1,2015,332,18525.97,23.6,33.57,-99,-99,0
1,2015,333,20145.11,24.72,33,-99,-99,0
1,2015,334,15387.5,22.8,34.2,-99,-99,0.12
1,2015,335,14755.36,23.35,33.4,-99,-99,0
1,2015,336,21916.78,21.8,35,-99,-99,0
1,2015,337,10941.41,22.2,35.21,-99,-99,0
1,2015,338,11757.85,23.1,32.4,-99,-99,0
1,2015,339,22023.71,22.2,35.43,-99,-99,0
1,2015,340,20991.48,22.27,35.67,-99,-99,5
1,2015,341,19523.49,22.4,35.21,-99,-99,0
1,2015,342,21777.49,23,35.63,-99,-99,0
1,2015,343,23542.89,23.38,35.95,-99,-99,0
1,2015,344,21409.4,23,36.33,-99,-99,0
1,2015,345,24395.01,21,36.17,-99,-99,0
1,2015,346,24672.62,22.21,37.21,-99,-99,0
1,2015,347,22895.05,23.38,35.64,-99,-99,0
1,2015,348,20216.27,23.2,35.6,-99,-99,3.6
1,2015,349,19666.94,24,31.69,-99,-99,0
1,2015,350,17049.74,22.2,34.2,-99,-99,0
1,2015,351,15979.06,22,35.3,-99,-99,0
1,2015,352,12850.78,22.8,35,-99,-99,0
1,2015,353,15452.93,23,35.11,-99,-99,0
1,2015,354,22684.48,23.8,37.12,-99,-99,0
1,2015,355,24168.13,22.4,37.23,-99,-99,0.01
1,2015,356,23178.29,22,37.46,-99,-99,0
1,2015,357,24321.74,23.37,37.79,-99,-99,0
1,2015,358,24025.63,20.8,37.92,-99,-99,0
1,2015,359,22762.98,23.45,37.44,-99,-99,0
1,2015,360,23071.44,23.05,37.47,-99,-99,0
1,2015,361,24152.29,21.9,38.23,-99,-99,0
1,2015,362,19558.62,22.2,37.33,-99,-99,0
1,2015,363,24159.96,23.25,38.49,-99,-99,0
1,2015,364,21777.49,25.64,37.92,-99,-99,20.6
1,2015,365,19171.25,25.14,36.26,-99,-99,0.1
