-75,3.91,415,0,0
1,1997,1,11056.76,22.8,31.36,-99,-99,0
1,1997,2,19534.4,21.8,32,-99,-99,0
1,1997,3,19941.45,20.2,33,-99,-99,0
1,1997,4,20872.09,21.4,32.5,-99,-99,0
1,1997,5,22327.74,23,33.4,-99,-99,0
1,1997,6,13815.29,23.14,33.2,-99,-99,0
1,1997,7,17267.94,21.8,33.49,-99,-99,2.5
1,1997,8,21608.61,22,32.12,-99,-99,2.6
1,1997,9,12191.52,22.2,32.6,-99,-99,2
1,1997,10,12993.35,21.8,29.72,-99,-99,72.6
1,1997,11,17608.21,20.6,31,-99,-99,0
1,1997,12,17498.17,21.6,29.6,-99,-99,0
1,1997,13,19232.49,22.2,29.81,-99,-99,0
1,1997,14,21235.39,21.8,33,-99,-99,3.5
1,1997,15,17170.26,22.6,29.9,-99,-99,0
1,1997,16,16136.12,22.2,31.73,-99,-99,0
1,1997,17,14040.77,22,30,-99,-99,0.3
1,1997,18,18170.43,21,31.2,-99,-99,1.5
1,1997,19,20718.9,20.8,30.5,-99,-99,0
1,1997,20,15964.24,23,31.4,-99,-99,38.5
1,1997,21,13326.38,20.4,32,-99,-99,3.7
1,1997,22,20545.48,20.6,31.08,-99,-99,5.8
1,1997,23,18040.83,19.6,31.24,-99,-99,36.3
1,1997,24,18069.27,20.2,27.85,-99,-99,0
1,1997,25,17562.54,21.8,29.82,-99,-99,22.5
1,1997,26,15311.4,20.8,29.37,-99,-99,28.4
1,1997,27,20439.69,20.4,30.58,-99,-99,0
1,1997,28,21145.4,22,32.52,-99,-99,0
1,1997,29,21179.94,22.6,32,-99,-99,0
1,1997,30,23508.16,21.8,32.6,-99,-99,0
1,1997,31,23276.44,21.4,31.6,-99,-99,0
1,1997,32,23179.39,22.2,30,-99,-99,9.5
1,1997,33,24030.79,21.2,30.43,-99,-99,0
1,1997,34,19590.75,22,32,-99,-99,0
1,1997,35,17584.1,22.4,29.53,-99,-99,0
1,1997,36,15435.01,21.6,29.33,-99,-99,13.5
1,1997,37,19961.46,20.8,31.2,-99,-99,12.8
1,1997,38,22999.22,20.6,30,-99,-99,9.7
1,1997,39,13461.53,19.8,28.09,-99,-99,2
1,1997,40,20334.05,21.6,31.2,-99,-99,13.2
1,1997,41,16799.88,20.2,31.4,-99,-99,1.4
1,1997,42,13667.15,22,31.2,-99,-99,0.2
1,1997,43,11488.2,22.8,31.2,-99,-99,6.7
1,1997,44,20110.2,22,32.97,-99,-99,0
1,1997,45,17294.16,22.8,33.4,-99,-99,0
1,1997,46,16852.45,23.6,33.6,-99,-99,7.1
1,1997,47,10845.42,20.6,33.2,-99,-99,26
1,1997,48,21644.29,20.8,28.74,-99,-99,101.3
1,1997,49,18883.11,20.4,32.8,-99,-99,0
1,1997,50,22470.21,22.8,34,-99,-99,0
1,1997,51,19287.39,22.8,33.78,-99,-99,0
1,1997,52,23631.8,21.8,34.31,-99,-99,0
1,1997,53,23244.92,22.4,34.96,-99,-99,0
1,1997,54,21879.07,23.4,33,-99,-99,0
1,1997,55,19670.69,22.4,33.41,-99,-99,0
1,1997,56,17036.89,23,32.86,-99,-99,0
1,1997,57,13136.12,23,33.6,-99,-99,0
1,1997,58,19041.59,23.2,35.57,-99,-99,0
1,1997,59,24537.1,20.6,35.4,-99,-99,0
1,1997,60,20208.4,21.2,34.52,-99,-99,0
1,1997,61,14183.54,22.6,31.47,-99,-99,0
1,1997,62,19968.8,22.8,33,-99,-99,0.1
1,1997,63,18720.63,21.8,32.4,-99,-99,0
1,1997,64,16623.92,21.2,34,-99,-99,0
1,1997,65,24961.36,19.8,35,-99,-99,0
1,1997,66,25263.76,21,35.49,-99,-99,0
1,1997,67,22881.82,22.4,35.72,-99,-99,0
1,1997,68,22191.75,23.2,35.56,-99,-99,0
1,1997,69,24327.75,22,35.24,-99,-99,0
1,1997,70,21796.4,23.4,34.65,-99,-99,0
1,1997,71,23224.35,24.6,32.8,-99,-99,0
1,1997,72,11343.84,21.8,34.5,-99,-99,5.6
1,1997,73,24380.51,21.4,36.02,-99,-99,0
1,1997,74,15607.34,21.8,35.35,-99,-99,7.5
1,1997,75,19723.45,22.4,33.21,-99,-99,0
1,1997,76,12644.07,23,33,-99,-99,19.3
1,1997,77,17468.14,21.2,31.6,-99,-99,0
1,1997,78,12511.42,22.8,30,-99,-99,1.4
1,1997,79,18610.4,20.6,31.6,-99,-99,0
1,1997,80,16203.36,22.8,32.63,-99,-99,0
1,1997,81,19606.99,21.8,33.76,-99,-99,0
1,1997,82,18899.01,21.8,32.44,-99,-99,0
1,1997,83,22157.62,20.6,32,-99,-99,0
1,1997,84,20455.68,22.2,32.4,-99,-99,0
1,1997,85,14646.77,23.4,30.44,-99,-99,0
1,1997,86,17759.45,23.2,33.4,-99,-99,0
1,1997,87,18604.75,22,34.2,-99,-99,0
1,1997,88,12234.63,22.4,33.2,-99,-99,75
1,1997,89,14211.07,20,32,-99,-99,0
1,1997,90,18021.59,22.8,31.2,-99,-99,13.5
1,1997,91,15472.24,19.8,30.7,-99,-99,2.5
1,1997,92,16029.97,21.8,31.2,-99,-99,0
1,1997,93,19970.74,23,34.05,-99,-99,0
1,1997,94,11504,23.6,34.2,-99,-99,0.7
1,1997,95,16426.41,21.6,33.6,-99,-99,0
1,1997,96,14024.16,22,33,-99,-99,5.1
1,1997,97,23714.04,20.8,33.6,-99,-99,3.6
1,1997,98,20465.26,22.4,33.88,-99,-99,6.2
1,1997,99,22412.79,21.4,33.4,-99,-99,5.9
1,1997,100,20571.22,22,34.2,-99,-99,0
1,1997,101,17192.47,23.4,32.4,-99,-99,9
1,1997,102,15778.23,21.8,33.29,-99,-99,9.9
1,1997,103,21351.39,22,34.2,-99,-99,0
1,1997,104,19794.6,22.4,32.8,-99,-99,1
1,1997,105,18937.57,22,34.2,-99,-99,0
1,1997,106,22536.09,23,34.73,-99,-99,0
1,1997,107,19312.98,22.2,34.29,-99,-99,12.2
1,1997,108,13876.2,20.4,32.4,-99,-99,0
1,1997,109,14137.85,22.2,33,-99,-99,6.3
1,1997,110,11075.37,20.2,33.6,-99,-99,11.5
1,1997,111,12168.88,20.4,31.62,-99,-99,1.4
1,1997,112,12568.6,21.8,32.4,-99,-99,0
1,1997,113,16275.51,21.6,32.6,-99,-99,31
1,1997,114,22173.65,20,31.32,-99,-99,63
1,1997,115,10734.6,20.4,32.57,-99,-99,5.7
1,1997,116,19779.12,20.8,32.4,-99,-99,8.5
1,1997,117,16051.52,22,31.65,-99,-99,6.5
1,1997,118,20133.74,21.2,32.94,-99,-99,0
1,1997,119,23109.94,22.2,33.47,-99,-99,0
1,1997,120,20757.3,22.2,32.73,-99,-99,0
1,1997,121,15552.34,21.8,33.2,-99,-99,0
1,1997,122,20287.91,22.2,33,-99,-99,0
1,1997,123,20664.69,23.4,29.6,-99,-99,4.9
1,1997,124,18600.94,21.4,31,-99,-99,0
1,1997,125,18302.39,21,31.41,-99,-99,0
1,1997,126,17194.31,22.2,31.1,-99,-99,0
1,1997,127,16898.77,21.8,32.6,-99,-99,0
1,1997,128,24277.11,20.4,33,-99,-99,0
1,1997,129,19670.17,22.2,31.2,-99,-99,0
1,1997,130,17359.25,21.8,32.4,-99,-99,2.5
1,1997,131,24566.51,23,29.76,-99,-99,0
1,1997,132,24528.66,22,28.13,-99,-99,1.5
1,1997,133,16079.49,20.8,33,-99,-99,0
1,1997,134,11523.46,22.8,33.69,-99,-99,0
1,1997,135,18161.49,21.6,32.2,-99,-99,0
1,1997,136,22918.26,21.8,33.96,-99,-99,0
1,1997,137,21557.56,22.8,32.63,-99,-99,0
1,1997,138,20466.31,22.8,33.38,-99,-99,0
1,1997,139,14749.69,22.4,33.6,-99,-99,0.6
1,1997,140,12220.11,22,33,-99,-99,0
1,1997,141,16291.33,22.2,34.2,-99,-99,0
1,1997,142,17717.48,24.2,32.6,-99,-99,0
1,1997,143,19534.27,22.8,34.17,-99,-99,0.5
1,1997,144,20295.99,23.4,33.24,-99,-99,0
1,1997,145,15156.23,24.2,32.57,-99,-99,0
1,1997,146,11209.33,22.8,32,-99,-99,0
1,1997,147,14334.09,21.6,32.8,-99,-99,2.6
1,1997,148,14969.94,21.2,31.78,-99,-99,0
1,1997,149,15343.76,22.8,31.6,-99,-99,0
1,1997,150,12069.78,22.4,32.58,-99,-99,5.7
1,1997,151,15439.57,22.4,33,-99,-99,0
1,1997,152,12434.04,21.4,33.21,-99,-99,0
1,1997,153,20210.35,20.8,33.4,-99,-99,0
1,1997,154,20319.61,22.4,32.55,-99,-99,7
1,1997,155,10454.55,20.2,29.2,-99,-99,0
1,1997,156,19633.91,21,29.98,-99,-99,20.6
1,1997,157,11729.45,20.4,31.62,-99,-99,4.8
1,1997,158,12494.99,21.8,31.4,-99,-99,5
1,1997,159,10549.21,20.6,29.99,-99,-99,0
1,1997,160,15700.35,21.6,24.78,-99,-99,0
1,1997,161,22132.96,21.4,34.5,-99,-99,41
1,1997,162,15936.59,20.2,30.5,-99,-99,0
1,1997,163,18629.53,21.8,33.5,-99,-99,0
1,1997,164,16046.48,21.8,31.5,-99,-99,0
1,1997,165,19637.63,21,31.5,-99,-99,0
1,1997,166,19756.81,21.2,34.5,-99,-99,0
1,1997,167,12299.4,22.8,34.5,-99,-99,6.2
1,1997,168,21153.18,21.8,33.8,-99,-99,0
1,1997,169,12162.63,21,31.5,-99,-99,0
1,1997,170,12287.64,21.2,29.5,-99,-99,0
1,1997,171,21520.48,20.4,34.5,-99,-99,0
1,1997,172,23568.7,20.8,33.5,-99,-99,0
1,1997,173,17923.51,22.8,32.5,-99,-99,0
1,1997,174,17537.52,22.4,35.5,-99,-99,0
1,1997,175,10356.66,21.6,30.5,-99,-99,3
1,1997,176,13818.98,21.2,30.86,-99,-99,0
1,1997,177,11383.44,20.8,30.5,-99,-99,0.8
1,1997,178,19721.49,20.8,32.5,-99,-99,0
1,1997,179,22162.37,21.2,33.78,-99,-99,0
1,1997,180,24220.5,21.6,31.8,-99,-99,0
1,1997,181,20954.44,20.77,30.02,-99,-99,0.6
1,1997,182,13449.82,20.8,31.5,-99,-99,1.12
1,1997,183,22703.11,19.2,35.5,-99,-99,0
1,1997,184,20014.06,21.2,34.5,-99,-99,0
1,1997,185,17837.67,22,35,-99,-99,0
1,1997,186,18104.05,21.2,34.5,-99,-99,0
1,1997,187,21332.17,22,35.5,-99,-99,0
1,1997,188,12715.07,22.6,33.2,-99,-99,0
1,1997,189,10273.92,21.4,31.5,-99,-99,0
1,1997,190,12989.35,21.8,34.5,-99,-99,0
1,1997,191,17000.38,21.8,35.5,-99,-99,0
1,1997,192,20760.16,21.6,36.5,-99,-99,0
1,1997,193,14440.72,25.2,35.5,-99,-99,0
1,1997,194,19888.78,21.8,34,-99,-99,0
1,1997,195,17704,22,36.5,-99,-99,0
1,1997,196,15515.58,22.2,35.5,-99,-99,0
1,1997,197,17087.95,22.2,33.69,-99,-99,0
1,1997,198,19573.85,21.8,34.5,-99,-99,0
1,1997,199,20374.46,22.6,34.89,-99,-99,0
1,1997,200,20135.49,24.2,34.5,-99,-99,0
1,1997,201,23808.48,24.8,36.5,-99,-99,0
1,1997,202,18743.68,23.8,33,-99,-99,0
1,1997,203,16019.92,25,35.5,-99,-99,0
1,1997,204,18655.75,24,36.5,-99,-99,0
1,1997,205,15008.51,25.4,34.5,-99,-99,0
1,1997,206,13320.38,24.2,35.5,-99,-99,0
1,1997,207,18328.9,20.6,32.4,-99,-99,0
1,1997,208,14799.3,20,35.5,-99,-99,0
1,1997,209,19823.83,26,34,-99,-99,0
1,1997,210,15231.69,22.2,34.5,-99,-99,0
1,1997,211,20667.49,23.4,36.5,-99,-99,0
1,1997,212,20165.33,24.2,37.5,-99,-99,0
1,1997,213,21914.2,24.2,38.5,-99,-99,0
1,1997,214,19422.55,23.4,37.5,-99,-99,0
1,1997,215,19049.72,25.2,36.5,-99,-99,1.4
1,1997,216,21337.11,24.8,34.31,-99,-99,0
1,1997,217,19766.77,25.2,36.5,-99,-99,0
1,1997,218,17524.59,25.6,35.35,-99,-99,0
1,1997,219,19819.77,25.4,33,-99,-99,0
1,1997,220,18240.2,25.2,32.6,-99,-99,0
1,1997,221,11696.57,24.6,33.5,-99,-99,0
1,1997,222,14664.19,25,33.5,-99,-99,0
1,1997,223,20597.71,22.4,37.5,-99,-99,0
1,1997,224,15374.67,23,35.5,-99,-99,0.1
1,1997,225,20382.3,23.8,36.5,-99,-99,0
1,1997,226,17843.6,21.8,35.5,-99,-99,0
1,1997,227,18677.38,23.4,38.5,-99,-99,0
1,1997,228,19648.58,23.8,37.5,-99,-99,0.5
1,1997,229,24553.87,22.6,36.07,-99,-99,1.72
1,1997,230,20731.03,21.55,36.62,-99,-99,0.52
1,1997,231,14691.16,22.8,36.5,-99,-99,0
1,1997,232,22331.09,23.2,37.5,-99,-99,0
1,1997,233,23448.02,23.4,38.5,-99,-99,0
1,1997,234,20882.23,25.4,37.5,-99,-99,0
1,1997,235,17216.07,25,36.5,-99,-99,0
1,1997,236,22707.53,22,37.61,-99,-99,0
1,1997,237,24239.07,23,38.5,-99,-99,0
1,1997,238,14938.37,28,39.5,-99,-99,0
1,1997,239,10695.95,26.4,34.5,-99,-99,0
1,1997,240,18815.58,23,37.5,-99,-99,0
1,1997,241,22273.6,23,35.99,-99,-99,0
1,1997,242,23258.54,22.2,36.76,-99,-99,0
1,1997,243,21486.58,24.2,35.85,-99,-99,0
1,1997,244,16259.17,24.4,37.5,-99,-99,0
1,1997,245,10744.6,24.8,31.5,-99,-99,0
1,1997,246,18634.53,22.2,36.5,-99,-99,0
1,1997,247,23492.6,22,36.59,-99,-99,0
1,1997,248,18937.37,23,37.5,-99,-99,10.5
1,1997,249,21029.1,20.8,36.5,-99,-99,0
1,1997,250,20209.34,24,36.5,-99,-99,0
1,1997,251,20220.63,22,33.5,-99,-99,0
1,1997,252,19953.15,22.4,35.5,-99,-99,10.3
1,1997,253,14957.22,21.8,36.5,-99,-99,0.6
1,1997,254,14962.76,23,36.5,-99,-99,0
1,1997,255,16220.37,23.8,36.59,-99,-99,0
1,1997,256,19706.74,22.4,38.5,-99,-99,0
1,1997,257,22220.21,23,39.5,-99,-99,0
1,1997,258,15814.42,23.4,37.5,-99,-99,0
1,1997,259,18744.87,23.2,37.5,-99,-99,0
1,1997,260,22513.23,22.4,39.5,-99,-99,0
1,1997,261,17074.98,23.8,36.5,-99,-99,0
1,1997,262,19447.59,23,37.5,-99,-99,0
1,1997,263,17214.56,24,33.5,-99,-99,0
1,1997,264,20563.31,21.4,36.5,-99,-99,0
1,1997,265,20142.76,24.6,35.5,-99,-99,0
1,1997,266,10787.15,23.2,28.5,-99,-99,4.2
1,1997,267,14552.6,22.2,32.6,-99,-99,0
1,1997,268,16642.01,23.6,33.5,-99,-99,0
1,1997,269,16915.9,23.8,35.6,-99,-99,0
1,1997,270,16351.66,23,35.5,-99,-99,0
1,1997,271,15507.85,24,35.8,-99,-99,0
1,1997,272,22892.73,21.8,39.5,-99,-99,0
1,1997,273,13679.93,24,35.5,-99,-99,4.2
1,1997,274,21059.14,23,37.5,-99,-99,0
1,1997,275,18818.27,24.6,32,-99,-99,0
1,1997,276,13932.42,24.4,35.5,-99,-99,0
1,1997,277,22970.18,23.6,35.34,-99,-99,0
1,1997,278,18641.93,23,36.91,-99,-99,0
1,1997,279,14873.86,24,34.5,-99,-99,0
1,1997,280,14583.55,23,37.5,-99,-99,0
1,1997,281,17764.61,26.2,35.8,-99,-99,0
1,1997,282,21911.97,25.4,39.5,-99,-99,0
1,1997,283,19951.27,26.4,36.5,-99,-99,23.6
1,1997,284,22149.41,22.8,34.5,-99,-99,0.5
1,1997,285,19220.88,23.8,35.5,-99,-99,28.4
1,1997,286,16573.19,20,29.5,-99,-99,0.2
1,1997,287,20148.44,23.6,33.5,-99,-99,0
1,1997,288,16951.06,24.6,34.5,-99,-99,7.6
1,1997,289,15552.34,22,34.44,-99,-99,2.6
1,1997,290,18289.8,22.6,34.5,-99,-99,8.5
1,1997,291,15652.53,20.8,30.5,-99,-99,0.8
1,1997,292,14945.43,22,31.5,-99,-99,0
1,1997,293,24129.44,24,35.5,-99,-99,0.1
1,1997,294,15043.87,23,32.5,-99,-99,0.9
1,1997,295,22287.51,25,34.5,-99,-99,0
1,1997,296,19657.7,24,34.5,-99,-99,0.9
1,1997,297,24963.85,26,37.41,-99,-99,0
1,1997,298,21926.39,22.4,36.5,-99,-99,0
1,1997,299,15076.88,25.6,34.5,-99,-99,0
1,1997,300,13148.13,25.8,31.5,-99,-99,0
1,1997,301,18298.61,24,35.5,-99,-99,15.3
1,1997,302,16506.02,21.4,32.5,-99,-99,0
1,1997,303,19331.57,24.6,35.5,-99,-99,0
1,1997,304,21742.94,25.4,36.5,-99,-99,5.4
1,1997,305,16974.65,22.8,32.5,-99,-99,0
1,1997,306,18841.73,23.6,35.5,-99,-99,1.5
1,1997,307,15304.5,25.8,36.5,-99,-99,0
1,1997,308,19729.75,24,36.5,-99,-99,0
1,1997,309,19027.6,25,35.5,-99,-99,0
1,1997,310,20209.38,25.8,37.5,-99,-99,0
1,1997,311,12258.81,24,33.5,-99,-99,0
1,1997,312,11435.5,25.2,32.5,-99,-99,13
1,1997,313,12890.59,22.6,32.5,-99,-99,0
1,1997,314,13138.45,23,32.5,-99,-99,1.1
1,1997,315,20863.51,22.6,34.5,-99,-99,0
1,1997,316,23767.44,24.4,35.5,-99,-99,0
1,1997,317,17474.62,23.2,33.5,-99,-99,0
1,1997,318,19976.81,24.8,32.5,-99,-99,0
1,1997,319,12244.67,23.6,31.5,-99,-99,1
1,1997,320,14482.33,22.8,31.5,-99,-99,0
1,1997,321,11149.75,23.6,31.5,-99,-99,1.5
1,1997,322,18279.96,21.8,33.5,-99,-99,0.3
1,1997,323,15744.58,22.6,31.5,-99,-99,0.3
1,1997,324,19948.33,23.8,33.5,-99,-99,15.5
1,1997,325,19923.18,21.8,31.5,-99,-99,0
1,1997,326,23586.4,21.2,34.4,-99,-99,0
1,1997,327,23163.65,24.6,36.5,-99,-99,0
1,1997,328,16434.61,25,32.5,-99,-99,11.4
1,1997,329,13921.4,24.2,32.5,-99,-99,6.7
1,1997,330,13512.16,22.2,31.5,-99,-99,3
1,1997,331,17034.53,21.8,32.5,-99,-99,0
1,1997,332,21597.71,23.4,33.5,-99,-99,0.3
1,1997,333,21314.89,22.6,33.5,-99,-99,0
1,1997,334,20510.82,23.8,33.5,-99,-99,16.7
1,1997,335,13312.73,21,33.5,-99,-99,6.5
1,1997,336,20996.19,21.8,32.5,-99,-99,0
1,1997,337,22412.62,22.6,33.5,-99,-99,0.59
1,1997,338,23306.98,22.8,35.5,-99,-99,0
1,1997,339,23940.85,24,35.5,-99,-99,0
1,1997,340,20673.07,25,37.5,-99,-99,0
1,1997,341,20789.97,25,36.5,-99,-99,0
1,1997,342,21037.67,23,36.5,-99,-99,0.35
1,1997,343,21935.43,22.4,35.5,-99,-99,0
1,1997,344,18160.87,23,35.8,-99,-99,0
1,1997,345,22174.97,25.8,35.5,-99,-99,45
1,1997,346,14773.95,20.4,32.5,-99,-99,2.9
1,1997,347,19047.69,23.6,33.5,-99,-99,0
1,1997,348,17746.24,24.8,33.5,-99,-99,4.2
1,1997,349,16575.95,22,31.5,-99,-99,0
1,1997,350,20201.44,23.6,32.5,-99,-99,0
1,1997,351,20717.54,23,33.5,-99,-99,0
1,1997,352,20068.65,22.8,33.5,-99,-99,0
1,1997,353,19939.15,23,33.5,-99,-99,0
1,1997,354,19422.03,24.6,32.5,-99,-99,0
1,1997,355,23182.28,23.4,35.5,-99,-99,0
1,1997,356,23186.22,23.2,35.5,-99,-99,0
1,1997,357,19043.06,21.8,37.5,-99,-99,0
1,1997,358,19048.43,23.6,35.23,-99,-99,0
1,1997,359,20611.43,23.6,36.47,-99,-99,0
1,1997,360,23344.54,22.8,37.5,-99,-99,0
1,1997,361,20239.24,24,36.5,-99,-99,0
1,1997,362,19859.72,22.4,36.5,-99,-99,0
1,1997,363,21690.04,24.4,38.5,-99,-99,0
1,1997,364,15852,24.6,33.5,-99,-99,0
1,1997,365,17944.3,23.2,35.5,-99,-99,15.5
