-75,3.91,415,0,0
1,2017,1,22189.32,21.6,32.6,-99,-99,0.96
1,2017,2,21890.29,22,32.94,-99,-99,0.13
1,2017,3,23438.89,20.33,33.2,-99,-99,1.39
1,2017,4,18973.13,22.2,32.6,-99,-99,3.18
1,2017,5,13863.44,23.4,30,-99,-99,3.35
1,2017,6,14196.92,21.6,31.3,-99,-99,0.79
1,2017,7,19523.49,22.21,32,-99,-99,5.29
1,2017,8,12076.67,22.8,31.52,-99,-99,3.12
1,2017,9,10188.05,22.8,26.98,-99,-99,2.37
1,2017,10,16806.71,21.25,31.6,-99,-99,0.8
1,2017,11,15155.84,23,29.91,-99,-99,4.26
1,2017,12,16436.13,21,32.8,-99,-99,1.6
1,2017,13,14897.47,21.95,32,-99,-99,8.07
1,2017,14,11551.19,22.6,29.64,-99,-99,18.05
1,2017,15,16257.85,22.8,30.83,-99,-99,2.55
1,2017,16,20410.31,22.2,31.6,-99,-99,3.6
1,2017,17,15938.28,22.8,30,-99,-99,7.38
1,2017,18,10660.78,22.8,27.35,-99,-99,9.55
1,2017,19,22577.6,22.8,30.51,-99,-99,2.62
1,2017,20,17151.79,23.6,31,-99,-99,7.73
1,2017,21,12601.39,22.6,30.44,-99,-99,3.28
1,2017,22,23694.33,20.84,32.4,-99,-99,0.08
1,2017,23,24644.14,22.2,33.2,-99,-99,0.06
1,2017,24,21710.89,21.6,32.4,-99,-99,0.3
1,2017,25,20252.51,22,33,-99,-99,0.52
1,2017,26,14443.28,22,32.55,-99,-99,0.4
1,2017,27,14244.56,23.25,32.16,-99,-99,1.26
1,2017,28,17240.6,22,32.6,-99,-99,0.59
1,2017,29,19866.45,22,33.6,-99,-99,0.01
1,2017,30,18761.03,22.8,32.6,-99,-99,0.68
1,2017,31,12161.97,22.4,32.97,-99,-99,0.94
1,2017,32,21471.94,23.45,33,-99,-99,0.19
1,2017,33,23618.61,22.8,35.4,-99,-99,0.11
1,2017,34,23481.43,23.2,34.84,-99,-99,0.06
1,2017,35,21186.86,23.6,35,-99,-99,0.57
1,2017,36,24263.12,22.8,35.85,-99,-99,0.06
1,2017,37,25254.75,22.2,35,-99,-99,0.01
1,2017,38,24512.25,20.8,36.82,-99,-99,0
1,2017,39,25074.57,21.8,36.85,-99,-99,0.17
1,2017,40,24395.01,22.2,36.37,-99,-99,5.1
1,2017,41,14897.47,24.71,32.4,-99,-99,22.03
1,2017,42,17487.39,24.4,32.4,-99,-99,1.71
1,2017,43,12601.39,23.8,31,-99,-99,0.58
1,2017,44,23135.55,22.27,35.4,-99,-99,0.07
1,2017,45,22106.1,22,35.37,-99,-99,0
1,2017,46,24395.01,22,34.78,-99,-99,1.4
1,2017,47,20991.48,24,34.6,-99,-99,2.9
1,2017,48,22343.76,23,33.22,-99,-99,2.2
1,2017,49,23204,23.4,34,-99,-99,0.39
1,2017,50,23092.81,23.2,34.6,-99,-99,1.45
1,2017,51,21252.48,23.8,33.13,-99,-99,0.53
1,2017,52,20731.03,24.36,34.4,-99,-99,1.48
1,2017,53,15452.93,24,32.8,-99,-99,8.61
1,2017,54,17622.93,23.2,33.4,-99,-99,3.83
1,2017,55,12707.32,23.9,31.38,-99,-99,5.69
1,2017,56,19799.42,23,30.24,-99,-99,1.69
1,2017,57,11098.92,23,32,-99,-99,0.83
1,2017,58,11620.34,23,31.15,-99,-99,0.8
1,2017,59,19558.62,23,32.6,-99,-99,0.63
1,2017,60,19250.71,24,33.2,-99,-99,4.76
1,2017,61,15016,23.91,32,-99,-99,4.46
1,2017,62,20032.63,23.2,34.6,-99,-99,3.15
1,2017,63,20538.56,23,35.23,-99,-99,1.55
1,2017,64,22230.26,23.8,33.2,-99,-99,2.28
1,2017,65,19866.45,23.83,33,-99,-99,7.26
1,2017,66,16806.71,23.63,31,-99,-99,7.46
1,2017,67,10086.41,23,29.93,-99,-99,8.32
1,2017,68,20180.03,22.6,33,-99,-99,7.12
1,2017,69,17445.65,22.6,32.91,-99,-99,14.07
1,2017,70,19593.75,23.2,31.4,-99,-99,15.86
1,2017,71,15387.5,23,31.62,-99,-99,13.93
1,2017,72,20145.11,23.2,26.66,-99,-99,6.18
1,2017,73,16060.64,22,30.57,-99,-99,15.34
1,2017,74,11482.05,23.2,31.34,-99,-99,25.41
1,2017,75,21644.29,24.02,31.8,-99,-99,2.54
1,2017,76,22051.18,23.6,33.29,-99,-99,1.51
1,2017,77,17796.63,23.6,31.67,-99,-99,4.2
1,2017,78,15621.74,23.6,28.66,-99,-99,6.2
1,2017,79,18883.11,23.2,30,-99,-99,0.49
1,2017,80,20133.25,23,30.63,-99,-99,1.62
1,2017,81,10430.49,22.5,31.6,-99,-99,7.94
1,2017,82,15662.64,23.2,32,-99,-99,26.89
1,2017,83,10642.32,24.02,30.38,-99,-99,23.65
1,2017,84,20602.52,23.4,30.05,-99,-99,13.22
1,2017,85,14149.27,23.17,29.11,-99,-99,14.99
1,2017,86,20074.41,22.34,31.6,-99,-99,1.57
1,2017,87,23481.43,23.6,32.37,-99,-99,12.36
1,2017,88,22023.71,23,30.75,-99,-99,20.43
1,2017,89,15063.68,23,30.17,-99,-99,19.37
1,2017,90,16674.05,23.37,31.2,-99,-99,15.38
1,2017,91,19866.45,22,31.78,-99,-99,1.52
1,2017,92,22318.01,22,31.93,-99,-99,0.73
1,2017,93,24629.49,23.14,33.36,-99,-99,0
1,2017,94,25559.67,22.6,33.21,-99,-99,0.01
1,2017,95,24600.18,22,33,-99,-99,0
1,2017,96,22767.78,23,33.18,-99,-99,0
1,2017,97,22367.97,23.93,32.4,-99,-99,1.41
1,2017,98,19285.89,23.4,33.01,-99,-99,6.02
1,2017,99,10596.9,24,29.46,-99,-99,22.28
1,2017,100,17891.1,22.4,31.34,-99,-99,6.02
1,2017,101,17715.55,23.6,30.73,-99,-99,13.71
1,2017,102,11265.75,22.6,30,-99,-99,4.19
1,2017,103,22189.32,21.67,31.2,-99,-99,5.41
1,2017,104,11000.48,22.8,30.09,-99,-99,8.38
1,2017,105,23438.89,22.2,31.4,-99,-99,0.97
1,2017,106,22367.97,20.8,32.5,-99,-99,2.03
1,2017,107,17487.39,23,30.83,-99,-99,6.98
1,2017,108,22736.81,22.8,31.87,-99,-99,14.85
1,2017,109,12601.39,23.4,31.73,-99,-99,19.7
1,2017,110,12707.32,23,29.97,-99,-99,31.39
1,2017,111,11585.77,23,26.14,-99,-99,27.15
1,2017,112,22617.39,21.2,31.97,-99,-99,0
1,2017,113,22604.88,21.4,31.6,-99,-99,1.84
1,2017,114,14495,22.15,32,-99,-99,1.7
1,2017,115,19703.53,23.6,32.6,-99,-99,1.55
1,2017,116,21028.53,23.4,31.12,-99,-99,6.65
1,2017,117,24570.87,21,32,-99,-99,0.64
1,2017,118,12232.42,22.27,32,-99,-99,0.44
1,2017,119,22957.22,22.45,30,-99,-99,5.11
1,2017,120,17049.74,22.6,31,-99,-99,2.18
1,2017,121,11757.85,22.4,31.78,-99,-99,5.76
1,2017,122,20032.63,22.2,31.55,-99,-99,7.11
1,2017,123,15339.93,22.8,31,-99,-99,6.07
1,2017,124,23460.16,23,32.12,-99,-99,4.67
1,2017,125,18525.97,24.36,32,-99,-99,13.99
1,2017,126,18525.97,23,26.41,-99,-99,17.21
1,2017,127,20216.27,22.34,32,-99,-99,6.38
1,2017,128,19275.41,23.4,31,-99,-99,9.69
1,2017,129,19523.49,23.77,29.87,-99,-99,42.17
1,2017,130,17796.63,23.1,30.63,-99,-99,23.42
1,2017,131,18846.43,22.4,31.38,-99,-99,4.69
1,2017,132,15884.74,24.36,30.5,-99,-99,2.5
1,2017,133,22161.58,24.03,31.12,-99,-99,23.22
1,2017,134,17151.79,23.45,29.99,-99,-99,21.89
1,2017,135,21106.01,23,30,-99,-99,16.12
1,2017,136,23156.92,22.27,31.9,-99,-99,13.17
1,2017,137,18883.11,21.8,31.45,-99,-99,2.49
1,2017,138,21378.97,22,32.37,-99,-99,5.83
1,2017,139,23897.22,22,32.6,-99,-99,0.55
1,2017,140,21916.78,23.91,31.49,-99,-99,2.99
1,2017,141,21916.78,23,32.4,-99,-99,0.86
1,2017,142,10158.4,23.6,29.47,-99,-99,9.2
1,2017,143,22342.41,22,32,-99,-99,0.18
1,2017,144,21396.94,21.8,31.6,-99,-99,0.85
1,2017,145,21285.3,20.96,32,-99,-99,0.23
1,2017,146,23969.78,22,32.4,-99,-99,1.49
1,2017,147,23599.68,21.8,32.2,-99,-99,0.95
1,2017,148,21710.89,22.8,31.8,-99,-99,0.26
1,2017,149,13863.44,21.55,32.2,-99,-99,0.66
1,2017,150,22550.32,21,32,-99,-99,0.36
1,2017,151,19075.15,22,30.94,-99,-99,0.38
1,2017,152,16163.78,22.4,30.63,-99,-99,2.89
1,2017,153,21777.49,20.17,31.8,-99,-99,0.3
1,2017,154,21969.76,20,32.7,-99,-99,0.13
1,2017,155,11551.19,22,32.4,-99,-99,2.62
1,2017,156,22293.6,21.35,32.6,-99,-99,0.12
1,2017,157,21890.29,22.2,32,-99,-99,3.89
1,2017,158,10609.7,23.9,28.11,-99,-99,9.53
1,2017,159,16112.21,23,31,-99,-99,4.69
1,2017,160,20584.32,23.4,32.53,-99,-99,3.44
1,2017,161,22189.32,22,32.4,-99,-99,7.81
1,2017,162,21644.29,21.5,32.33,-99,-99,16.55
1,2017,163,19866.45,22.8,30.11,-99,-99,20.01
1,2017,164,19123.2,22.2,30.86,-99,-99,3.77
1,2017,165,15938.28,21.8,30.2,-99,-99,1.63
1,2017,166,18045.31,21.2,31.48,-99,-99,2.44
1,2017,167,22939.35,21.8,32,-99,-99,2.28
1,2017,168,18312.46,22.8,31.55,-99,-99,1.49
1,2017,169,17347.73,23.14,31,-99,-99,7.9
1,2017,170,15788.65,22,29.7,-99,-99,6.22
1,2017,171,17196.19,21.8,30.02,-99,-99,3.28
1,2017,172,18106.66,21.2,30,-99,-99,2.61
1,2017,173,18106.66,20,31.34,-99,-99,3.86
1,2017,174,20180.03,21.6,32.37,-99,-99,2.45
1,2017,175,20418.1,22,31.36,-99,-99,0.24
1,2017,176,20458,21.4,30.59,-99,-99,0.83
1,2017,177,18809.75,21,31.44,-99,-99,2.18
1,2017,178,19799.42,22.2,31.65,-99,-99,5.57
1,2017,179,19075.15,22.2,32,-99,-99,2.55
1,2017,180,19171.25,21,31.4,-99,-99,1.79
1,2017,181,17196.19,20.8,30.4,-99,-99,1.93
1,2017,182,21285.3,19.44,31.2,-99,-99,1.52
1,2017,183,14196.92,20,29.42,-99,-99,0.32
1,2017,184,17756.09,19.87,31.73,-99,-99,0.39
1,2017,185,19907.92,20.8,32.4,-99,-99,0.05
1,2017,186,20634.64,20,32.4,-99,-99,0.33
1,2017,187,20074.41,21.9,32,-99,-99,1.82
1,2017,188,19250.71,20,32.8,-99,-99,0.23
1,2017,189,16490.3,21.8,31.6,-99,-99,0.91
1,2017,190,10845.42,21.8,32,-99,-99,0.13
1,2017,191,11792.03,22.1,31.8,-99,-99,2.68
1,2017,192,21872.64,21.8,32.4,-99,-99,1.08
1,2017,193,14244.56,21.8,33.4,-99,-99,0.12
1,2017,194,22684.48,20,33.2,-99,-99,0.15
1,2017,195,23599.68,20,33.73,-99,-99,3.83
1,2017,196,21065.58,22.21,33.43,-99,-99,2.74
1,2017,197,23204,22.4,34,-99,-99,2.27
1,2017,198,18846.43,23,32.6,-99,-99,6
1,2017,199,13145.27,23.78,32.08,-99,-99,1.88
1,2017,200,19523.49,21,32,-99,-99,3.32
1,2017,201,17294.16,20.33,33.4,-99,-99,0.56
1,2017,202,23229.71,20,34,-99,-99,0.01
1,2017,203,16490.3,20.88,33.57,-99,-99,0.34
1,2017,204,22710.65,20.96,34.2,-99,-99,0.05
1,2017,205,18761.03,21.2,34.5,-99,-99,0.02
1,2017,206,16210.82,23,33.49,-99,-99,0.83
1,2017,207,19558.62,20.73,34.2,-99,-99,0.8
1,2017,208,23328.12,21.8,34.2,-99,-99,0.22
1,2017,209,15746.09,21.8,34.2,-99,-99,0.69
1,2017,210,16806.71,20,33.74,-99,-99,0.23
1,2017,211,14546.58,21,33.96,-99,-99,0.22
1,2017,212,12400.49,20.88,34.78,-99,-99,0.16
1,2017,213,23229.71,21,35.21,-99,-99,0
1,2017,214,23306.85,22.67,35.67,-99,-99,0.55
1,2017,215,22939.35,22,36.12,-99,-99,0.81
1,2017,216,11295.18,23.4,33.53,-99,-99,3.98
1,2017,217,13056.17,21.25,35.89,-99,-99,0.1
1,2017,218,22161.58,22,35.55,-99,-99,0.43
1,2017,219,21219.67,22,36.22,-99,-99,0.91
1,2017,220,22419.09,23,35.89,-99,-99,2
1,2017,221,11020.17,23.8,33,-99,-99,2.01
1,2017,222,21890.29,21.8,34.87,-99,-99,4.47
1,2017,223,18525.97,24,34.2,-99,-99,6.82
1,2017,224,22976.7,23.8,34.84,-99,-99,1.39
1,2017,225,22577.6,22.1,35.95,-99,-99,0.24
1,2017,226,25199.31,21,36.48,-99,-99,0
1,2017,227,12133.54,23.77,34,-99,-99,2.9
1,2017,228,21409.4,23.6,34.5,-99,-99,2.17
1,2017,229,20991.48,23.93,34.07,-99,-99,12.22
1,2017,230,21644.29,24,34.78,-99,-99,9.49
1,2017,231,19370.49,24.04,33.41,-99,-99,19.17
1,2017,232,17891.1,23.69,32,-99,-99,5.48
1,2017,233,23310.41,22.4,34.02,-99,-99,1.25
1,2017,234,22809.86,20.26,34.29,-99,-99,0.3
1,2017,235,23204,21.6,35.02,-99,-99,0.46
1,2017,236,17151.79,21.8,34.37,-99,-99,1.3
1,2017,237,16852.45,22.93,33.6,-99,-99,0.06
1,2017,238,23502.7,21.8,35.28,-99,-99,1.08
1,2017,239,22106.1,22.8,35,-99,-99,6.8
1,2017,240,23402.76,23.2,34.68,-99,-99,2.46
1,2017,241,11826.21,23,31.05,-99,-99,1.86
1,2017,242,19703.53,21,34.98,-99,-99,0.66
1,2017,243,14391.56,22.8,34.6,-99,-99,0.89
1,2017,244,24395.01,21.6,36.39,-99,-99,0.1
1,2017,245,17796.63,21.8,34.2,-99,-99,0.01
1,2017,246,15979.06,22.57,34.45,-99,-99,0
1,2017,247,24838.94,22.6,36.68,-99,-99,0.48
1,2017,248,24073.13,23,35.63,-99,-99,0.6
1,2017,249,17843.86,23.4,35,-99,-99,0.53
1,2017,250,23502.7,22.8,36.45,-99,-99,4.18
1,2017,251,13911.6,24,30.22,-99,-99,5.92
1,2017,252,12922.51,23,32.91,-99,-99,3.15
1,2017,253,19949.39,23,36.45,-99,-99,1.28
1,2017,254,23873.03,23.6,36.74,-99,-99,0.28
1,2017,255,17049.74,23.8,36.31,-99,-99,1.01
1,2017,256,24326.35,23,36.16,-99,-99,1.25
1,2017,257,22495.77,23,36.63,-99,-99,4.91
1,2017,258,21744.19,22.6,35.76,-99,-99,2.08
1,2017,259,20374.99,23,36.69,-99,-99,0.26
1,2017,260,13406.07,23,34.59,-99,-99,4.04
1,2017,261,22161.58,22.2,32,-99,-99,3.19
1,2017,262,23502.7,23,36.63,-99,-99,0.6
1,2017,263,24263.12,23.63,36.58,-99,-99,1.27
1,2017,264,23229.71,24,35.31,-99,-99,0.98
1,2017,265,23542.89,24.55,37.64,-99,-99,0.57
1,2017,266,17715.55,24.61,33.21,-99,-99,6.82
1,2017,267,18637.87,22.8,34,-99,-99,1.93
1,2017,268,21556.72,22.21,35.11,-99,-99,0.68
1,2017,269,19123.2,22.34,36.59,-99,-99,0.17
1,2017,270,24866.66,23.6,36.88,-99,-99,0.32
1,2017,271,17942.5,24.32,32.6,-99,-99,6.86
1,2017,272,23227.11,23.8,34.7,-99,-99,5.45
1,2017,273,10315.28,23,32,-99,-99,10.58
1,2017,274,22318.01,21.8,34.51,-99,-99,2.25
1,2017,275,22921.48,24.45,32.5,-99,-99,15.41
1,2017,276,22244.8,24.98,31.6,-99,-99,11.17
1,2017,277,11206.9,22.2,30.5,-99,-99,17.77
1,2017,278,15518.35,21.1,33.2,-99,-99,4.14
1,2017,279,20374.99,23,33.2,-99,-99,3.32
1,2017,280,15746.09,22.8,32,-99,-99,5.33
1,2017,281,21677.59,20,34.2,-99,-99,3.03
1,2017,282,19949.39,22.8,33.21,-99,-99,14.29
1,2017,283,23599.68,23.2,34.29,-99,-99,3.95
1,2017,284,10808.49,22.8,32.6,-99,-99,3.36
1,2017,285,23010.83,23.38,33.6,-99,-99,1.32
1,2017,286,11059.54,23,34.2,-99,-99,1.48
1,2017,287,15662.64,23.4,34.29,-99,-99,1.17
1,2017,288,22893.09,23,34,-99,-99,1.71
1,2017,289,20762.38,22.2,34.53,-99,-99,0.68
1,2017,290,19666.94,22.6,35.6,-99,-99,0.49
1,2017,291,20110.2,23.25,35.45,-99,-99,0.01
1,2017,292,13709.92,23,36.22,-99,-99,0.25
1,2017,293,23204,23.4,35.06,-99,-99,1.72
1,2017,294,19949.39,24.55,33.2,-99,-99,15.21
1,2017,295,16717.51,23.86,30.68,-99,-99,12.77
1,2017,296,11551.19,22.21,32.4,-99,-99,11.29
1,2017,297,11654.92,22,30.51,-99,-99,3.93
1,2017,298,18451.29,22,32.6,-99,-99,5.14
1,2017,299,14546.58,23.6,30.8,-99,-99,5.77
1,2017,300,23599.68,23.6,31.2,-99,-99,8.69
1,2017,301,10226.16,23.75,31.8,-99,-99,32.7
1,2017,302,10188.05,22.2,30.45,-99,-99,16.64
1,2017,303,20538.56,22.87,30,-99,-99,2.57
1,2017,304,20457.97,23.4,32,-99,-99,1.58
1,2017,305,21065.58,23.2,32,-99,-99,1.28
1,2017,306,22244.8,24.52,31.17,-99,-99,14.88
1,2017,307,21585.91,24,31.6,-99,-99,24.52
1,2017,308,16717.51,23.4,26.78,-99,-99,14.44
1,2017,309,22604.88,23.05,31.3,-99,-99,0.18
1,2017,310,21996.25,23.2,29.96,-99,-99,0.51
1,2017,311,22293.6,23,31.8,-99,-99,2.95
1,2017,312,18919.79,23.1,30,-99,-99,20.07
1,2017,313,13145.27,24.03,32.8,-99,-99,3.67
1,2017,314,15788.65,23.4,32,-99,-99,15.64
1,2017,315,17487.39,24.26,31.15,-99,-99,18.17
1,2017,316,19450.57,23.5,31.17,-99,-99,1.07
1,2017,317,15831.2,24,32.44,-99,-99,0.87
1,2017,318,17151.79,23.2,30.5,-99,-99,20.55
1,2017,319,10863.88,22.8,30.03,-99,-99,29.31
1,2017,320,21011.32,22.6,32.4,-99,-99,1.57
1,2017,321,17049.74,23.37,31.24,-99,-99,0.98
1,2017,322,19866.45,22.73,30.78,-99,-99,6.16
1,2017,323,15244.78,22.8,32,-99,-99,19.73
1,2017,324,16806.71,23.4,31.6,-99,-99,17.19
1,2017,325,21285.3,23.95,31.8,-99,-99,12.79
1,2017,326,22106.1,23.95,32.27,-99,-99,3.75
1,2017,327,18883.11,24.16,31.3,-99,-99,3.82
1,2017,328,18106.66,23.4,31.49,-99,-99,6.15
1,2017,329,19026.47,22.8,31.36,-99,-99,4.11
1,2017,330,20991.48,23.6,32,-99,-99,1.07
1,2017,331,13709.92,23.2,32,-99,-99,5.45
1,2017,332,20868.2,23,32.4,-99,-99,3.22
1,2017,333,20506.58,23.6,32.2,-99,-99,1.52
1,2017,334,23396.36,23.4,31.4,-99,-99,1.43
1,2017,335,16898.19,23.83,32.4,-99,-99,8.28
1,2017,336,15219.15,24.16,29.83,-99,-99,16.75
1,2017,337,21488.15,23.78,31.83,-99,-99,9.67
1,2017,338,17756.09,22.6,32,-99,-99,6.48
1,2017,339,23028.7,23.14,33.2,-99,-99,0.27
1,2017,340,24629.49,22.21,32.4,-99,-99,0
1,2017,341,15339.93,23,32.4,-99,-99,0.38
1,2017,342,20374.99,23.25,30.41,-99,-99,6.87
1,2017,343,21815.09,23.05,32.8,-99,-99,3.77
1,2017,344,18846.43,23.66,32.6,-99,-99,5.83
1,2017,345,11826.21,24.08,31.55,-99,-99,5.33
1,2017,346,10697.71,23.4,30.56,-99,-99,4.07
1,2017,347,21409.4,21.8,32.4,-99,-99,1.47
1,2017,348,23417.63,22.15,31.46,-99,-99,0.36
1,2017,349,23092.81,21,32,-99,-99,0
1,2017,350,19285.89,22,32.42,-99,-99,0.54
1,2017,351,24152.29,23.1,33,-99,-99,0.38
1,2017,352,21737.18,20.53,32,-99,-99,1.57
1,2017,353,22604.88,21.6,32.5,-99,-99,0.86
1,2017,354,21677.59,22.8,32.44,-99,-99,0.09
1,2017,355,18637.87,23.6,32.4,-99,-99,3.49
1,2017,356,18525.97,23.6,31.4,-99,-99,8.42
1,2017,357,21318.11,23,31.53,-99,-99,3.27
1,2017,358,20032.63,23.5,30.22,-99,-99,0.95
1,2017,359,15884.74,22,28.61,-99,-99,1.68
1,2017,360,16392.38,21.15,28.47,-99,-99,18.52
1,2017,361,12076.67,23.2,29.94,-99,-99,15.83
1,2017,362,16544.48,22.8,30,-99,-99,14.62
1,2017,363,14443.28,22.8,28.88,-99,-99,8.09
1,2017,364,18846.43,22.1,28.99,-99,-99,9.26
1,2017,365,10863.88,22.2,30.33,-99,-99,2.33
