-75,3.91,415,0,0
1,1982,1,14945.54,23.6,30.2,-99,-99,0
1,1982,2,19188.1,22.05,30.53,-99,-99,0
1,1982,3,16276.57,23.2,28.4,-99,-99,16.6
1,1982,4,15253.17,21.4,28.6,-99,-99,0.3
1,1982,5,20296.08,22.8,30,-99,-99,0
1,1982,6,19296.95,23.2,31.8,-99,-99,0.2
1,1982,7,19380.7,23,30.8,-99,-99,0
1,1982,8,20936.77,23.6,31,-99,-99,0
1,1982,9,17701.05,23.2,31.8,-99,-99,0
1,1982,10,16407.81,23.6,32,-99,-99,0.3
1,1982,11,21518.98,23.2,32,-99,-99,0
1,1982,12,20479.83,22.6,32.2,-99,-99,0
1,1982,13,21004.49,23.6,32,-99,-99,0.6
1,1982,14,20978.76,24,33,-99,-99,0
1,1982,15,20392.32,24,33,-99,-99,0
1,1982,16,20574.48,22.8,32.6,-99,-99,0
1,1982,17,20814.83,23.4,33,-99,-99,0.4
1,1982,18,23136.9,23.4,33.4,-99,-99,0
1,1982,19,23889.08,23,34.8,-99,-99,0
1,1982,20,23362.52,19.2,33.4,-99,-99,0
1,1982,21,22163.14,23,33.4,-99,-99,0
1,1982,22,22587.26,23.6,34.2,-99,-99,0
1,1982,23,22967.15,22.6,33.6,-99,-99,0
1,1982,24,22270.79,23.8,33.4,-99,-99,0
1,1982,25,19814.59,23.4,34,-99,-99,0
1,1982,26,19727.31,22.2,34.4,-99,-99,0
1,1982,27,19121.7,23,32,-99,-99,0.4
1,1982,28,20221.62,23,32.4,-99,-99,21.4
1,1982,29,18077.41,22.8,30.6,-99,-99,1.7
1,1982,30,19513.4,22.6,30.6,-99,-99,0
1,1982,31,20562.9,22.8,30,-99,-99,0
1,1982,32,19928.47,22.6,32,-99,-99,3
1,1982,33,20112.96,23,30.4,-99,-99,0
1,1982,34,19585.68,23.8,33.2,-99,-99,60.3
1,1982,35,18233.85,21.4,31,-99,-99,1.5
1,1982,36,21569.67,22.2,27.6,-99,-99,2.8
1,1982,37,19935.76,22.8,33,-99,-99,33.2
1,1982,38,19786.64,21.4,30.6,-99,-99,0
1,1982,39,18768.36,23.8,32.2,-99,-99,0
1,1982,40,22230.19,24.2,32.4,-99,-99,0
1,1982,41,22170.43,21.6,32.8,-99,-99,1.2
1,1982,42,18902.95,23.05,30.8,-99,-99,0.2
1,1982,43,19126.05,24.2,31.2,-99,-99,21.1
1,1982,44,20751.64,23.2,31.6,-99,-99,22.9
1,1982,45,19261.69,21.4,30.4,-99,-99,0.1
1,1982,46,19217.15,22.8,27.8,-99,-99,2.7
1,1982,47,22437.47,22.6,31,-99,-99,0
1,1982,48,22445.96,23.6,32.2,-99,-99,0
1,1982,49,20410.48,22.6,30.8,-99,-99,0
1,1982,50,17490.25,23.4,31.8,-99,-99,0.1
1,1982,51,22155.43,23,29.8,-99,-99,0.3
1,1982,52,22357.91,22.8,30.6,-99,-99,0
1,1982,53,20400.49,23,31.6,-99,-99,0
1,1982,54,21210.82,23.6,32.4,-99,-99,0
1,1982,55,16966.79,23.6,31.4,-99,-99,0
1,1982,56,19751.06,23.8,31.2,-99,-99,0
1,1982,57,23616.55,22.8,33,-99,-99,5.2
1,1982,58,21014.35,22,31.4,-99,-99,3.2
1,1982,59,21854.21,21.8,32,-99,-99,0
1,1982,60,22288.68,23.6,32.4,-99,-99,1.1
1,1982,61,21085.95,23.2,33.2,-99,-99,44.4
1,1982,62,20803.87,22,30,-99,-99,13.4
1,1982,63,22794.54,22.8,29.6,-99,-99,0.2
1,1982,64,21027.6,23.8,32,-99,-99,0
1,1982,65,21944.52,23.8,32.4,-99,-99,1.5
1,1982,66,22970.27,22.4,32.9,-99,-99,0
1,1982,67,22806.79,23.6,32.4,-99,-99,0
1,1982,68,21432.22,23,32.6,-99,-99,0
1,1982,69,22264.32,23.6,32.4,-99,-99,0
1,1982,70,23010.75,24,32,-99,-99,0
1,1982,71,22997.72,23,33.6,-99,-99,0
1,1982,72,22215.76,23.4,32.44,-99,-99,0
1,1982,73,20266.36,22.8,31.6,-99,-99,0
1,1982,74,22089.07,23.2,32.6,-99,-99,0
1,1982,75,20945.14,23,31.2,-99,-99,0
1,1982,76,20992.22,21.4,32.8,-99,-99,18.5
1,1982,77,21523.83,22.2,29.6,-99,-99,0
1,1982,78,21839.94,23.6,32.4,-99,-99,24.9
1,1982,79,20498.52,22.6,29,-99,-99,3.3
1,1982,80,23924.37,23.4,32.4,-99,-99,0
1,1982,81,21844.29,24,33.6,-99,-99,0
1,1982,82,23730.14,23.6,34,-99,-99,0
1,1982,83,16358.77,22.6,30.4,-99,-99,2.3
1,1982,84,21404.08,22,32.2,-99,-99,0
1,1982,85,21132.59,23.6,32.4,-99,-99,0
1,1982,86,20190.88,23.4,33.2,-99,-99,0
1,1982,87,21872.12,23.6,32,-99,-99,0
1,1982,88,17641,23.8,29,-99,-99,2.3
1,1982,89,21231.57,23,32.6,-99,-99,0
1,1982,90,22704.98,23.4,32.4,-99,-99,0
1,1982,91,21806.59,23,29.6,-99,-99,5.6
1,1982,92,19489.07,23,28.4,-99,-99,0
1,1982,93,22175.22,23.4,32.8,-99,-99,65.7
1,1982,94,18659.38,22,30,-99,-99,7.1
1,1982,95,21014.28,23,32,-99,-99,29.9
1,1982,96,22343.1,22.6,30,-99,-99,61.4
1,1982,97,18915.66,23,24,-99,-99,13.2
1,1982,98,18269.57,22.6,28.8,-99,-99,25.3
1,1982,99,21131.43,21,27.8,-99,-99,27.3
1,1982,100,19502.68,22,28.2,-99,-99,0
1,1982,101,21166.35,22.8,32.2,-99,-99,11.9
1,1982,102,20973.62,21.8,29.4,-99,-99,2.5
1,1982,103,20704.5,22.6,31,-99,-99,0
1,1982,104,21620.56,24,31.8,-99,-99,0
1,1982,105,21705.31,23.4,32.4,-99,-99,0
1,1982,106,21619,24,32,-99,-99,122.6
1,1982,107,20141.56,21,29.6,-99,-99,0.9
1,1982,108,22418.6,22.8,31.6,-99,-99,0
1,1982,109,20857.9,23.4,31.6,-99,-99,28.8
1,1982,110,19961.51,22.2,31.6,-99,-99,14
1,1982,111,22844.24,23.4,28.8,-99,-99,2.4
1,1982,112,21974,22.8,33.4,-99,-99,0
1,1982,113,21349.88,23,31.2,-99,-99,0
1,1982,114,23424.9,23.8,29,-99,-99,0.1
1,1982,115,22207.88,22.2,33.8,-99,-99,0
1,1982,116,22317.62,23.6,32.6,-99,-99,0
1,1982,117,22185.67,24.2,33.4,-99,-99,0
1,1982,118,21858.02,25,29.8,-99,-99,0
1,1982,119,20132.52,23.2,32.6,-99,-99,6.5
1,1982,120,22093.13,21.6,28.2,-99,-99,2
1,1982,121,19909.32,23.6,33.6,-99,-99,11.1
1,1982,122,22576.25,21.6,30.8,-99,-99,0
1,1982,123,20809.5,24.2,32,-99,-99,0
1,1982,124,21459.9,22.6,33,-99,-99,12.8
1,1982,125,22527.77,21.6,31.6,-99,-99,7.2
1,1982,126,22657.93,22.8,33,-99,-99,0.8
1,1982,127,20842.62,24.2,31.6,-99,-99,0
1,1982,128,20805.62,24.2,31.8,-99,-99,0.5
1,1982,129,20860.56,24,31.2,-99,-99,0
1,1982,130,23341.35,25.4,30,-99,-99,0
1,1982,131,23200.17,23.8,32.4,-99,-99,0
1,1982,132,23232.63,21.6,33.2,-99,-99,0
1,1982,133,23490.8,23.8,34.6,-99,-99,0.9
1,1982,134,21873.36,24.2,31.8,-99,-99,8.2
1,1982,135,21262.15,22.8,31.6,-99,-99,0.7
1,1982,136,22540.04,22.8,30.8,-99,-99,0
1,1982,137,20524.68,23.6,32,-99,-99,1.6
1,1982,138,18916.06,23,30.8,-99,-99,70.7
1,1982,139,20274.21,21.8,30.6,-99,-99,0
1,1982,140,22582.62,23.8,31.6,-99,-99,99
1,1982,141,16467.24,21.6,29.4,-99,-99,0.5
1,1982,142,20138.56,23,30.8,-99,-99,0
1,1982,143,20708.63,22.4,29.2,-99,-99,0.7
1,1982,144,21757.37,23.6,31.6,-99,-99,136
1,1982,145,21633.77,20.8,30.4,-99,-99,1.2
1,1982,146,19350.16,22.6,29.8,-99,-99,0.3
1,1982,147,19456.34,23.6,30,-99,-99,7.4
1,1982,148,22346.54,21,27.2,-99,-99,2.3
1,1982,149,21302.66,22.4,30,-99,-99,0
1,1982,150,22376.76,22.4,32.6,-99,-99,0
1,1982,151,22361.77,23,31.6,-99,-99,0
1,1982,152,22893.93,23.2,31.4,-99,-99,0
1,1982,153,22790.35,22.2,32.6,-99,-99,0
1,1982,154,22752.34,23.4,33,-99,-99,0
1,1982,155,22907.86,21,32,-99,-99,0
1,1982,156,22067.04,23.8,32.2,-99,-99,0
1,1982,157,22686.21,23.6,31.2,-99,-99,0
1,1982,158,23179.8,23,33.4,-99,-99,0
1,1982,159,23132.99,23,33.2,-99,-99,0
1,1982,160,23123.98,24,34.2,-99,-99,0
1,1982,161,22945.47,23.2,32.2,-99,-99,16.5
1,1982,162,22413.09,23.2,32.6,-99,-99,0
1,1982,163,22364.75,22.6,32.6,-99,-99,0
1,1982,164,22976.4,24.2,33.8,-99,-99,0
1,1982,165,22980.14,23.8,32.4,-99,-99,0
1,1982,166,22350.22,23.2,33.8,-99,-99,0
1,1982,167,22944.51,23.2,32.8,-99,-99,1.1
1,1982,168,21888.8,22.2,32.2,-99,-99,0
1,1982,169,24086.84,22.4,32,-99,-99,0
1,1982,170,23627.37,23.4,34.4,-99,-99,0
1,1982,171,23166.69,23.6,32,-99,-99,0.9
1,1982,172,23412.55,22,33.41,-99,-99,0.7
1,1982,173,22324.69,22.6,32.4,-99,-99,0
1,1982,174,23839.57,22.8,34.34,-99,-99,0
1,1982,175,23651.37,21.8,33.8,-99,-99,0
1,1982,176,23822.57,22,33.2,-99,-99,0
1,1982,177,23674.56,21.8,34.4,-99,-99,1.8
1,1982,178,23666.98,24,31.4,-99,-99,0
1,1982,179,23510.7,22,36.2,-99,-99,0
1,1982,180,23644.49,25.2,34.2,-99,-99,0
1,1982,181,23093.3,24,34,-99,-99,0
1,1982,182,22984.28,24.4,34,-99,-99,0
1,1982,183,22043.08,24.8,32.2,-99,-99,0
1,1982,184,24211.1,21.8,31.8,-99,-99,0
1,1982,185,21237.18,21.8,34.4,-99,-99,0
1,1982,186,23678.69,24,34,-99,-99,0
1,1982,187,23343.29,23,33.4,-99,-99,0.6
1,1982,188,23646.39,22,33.2,-99,-99,0
1,1982,189,23738.28,22.2,30.8,-99,-99,1
1,1982,190,23886.95,21.4,35.4,-99,-99,0
1,1982,191,23333.21,22.4,34.6,-99,-99,0
1,1982,192,22169.54,22.6,32.4,-99,-99,0
1,1982,193,23726,22.8,33,-99,-99,0
1,1982,194,23676.68,23.2,33.4,-99,-99,0
1,1982,195,22676.49,23,37,-99,-99,0
1,1982,196,23507.58,23.4,37,-99,-99,0
1,1982,197,24238.5,23.2,33.6,-99,-99,0
1,1982,198,23972.47,23,36.8,-99,-99,0
1,1982,199,24324.8,24,34.6,-99,-99,0
1,1982,200,22230.61,22.8,35,-99,-99,0
1,1982,201,22529.34,23.4,32.2,-99,-99,0
1,1982,202,24130.61,22.2,36.4,-99,-99,0
1,1982,203,24383.5,24,34.6,-99,-99,0
1,1982,204,23799.5,24.2,34.8,-99,-99,0
1,1982,205,22316.12,23.4,34.8,-99,-99,0
1,1982,206,24189.21,23,35.2,-99,-99,0
1,1982,207,23389.12,23.2,34.4,-99,-99,0.6
1,1982,208,23749.58,22.6,32.4,-99,-99,0
1,1982,209,22023.56,23,33.2,-99,-99,0
1,1982,210,22396.25,23.4,35.2,-99,-99,0
1,1982,211,21883.9,23,36.4,-99,-99,0
1,1982,212,24496.01,23,35.4,-99,-99,0
1,1982,213,24628.38,22,35.6,-99,-99,0
1,1982,214,24519.49,23,35,-99,-99,0
1,1982,215,24085.87,23.6,35.4,-99,-99,0
1,1982,216,23887.63,24,38,-99,-99,0
1,1982,217,24497.37,23.2,37.4,-99,-99,0
1,1982,218,24406.28,23.8,36,-99,-99,0
1,1982,219,24758.42,23.8,34.8,-99,-99,0
1,1982,220,24395.11,23.8,33.2,-99,-99,0
1,1982,221,24444.94,23.6,37.4,-99,-99,0
1,1982,222,23932.34,23.2,36.2,-99,-99,0
1,1982,223,24660.49,23.2,36.6,-99,-99,0
1,1982,224,24755.01,24,36.8,-99,-99,0
1,1982,225,23647.3,21.6,34.2,-99,-99,0
1,1982,226,24767.55,23.6,35.2,-99,-99,0
1,1982,227,24344.84,23.8,36.4,-99,-99,0
1,1982,228,23995.75,24,36.8,-99,-99,0
1,1982,229,23384.22,22.67,34.42,-99,-99,0
1,1982,230,24800.59,23.8,36.2,-99,-99,0
1,1982,231,24287,23.8,37,-99,-99,0
1,1982,232,24322.28,23.6,35.6,-99,-99,0
1,1982,233,24612.48,22.4,36.6,-99,-99,0
1,1982,234,24576.81,23.2,36.8,-99,-99,0
1,1982,235,24706.17,24,35.4,-99,-99,0
1,1982,236,24878.33,23.6,35.8,-99,-99,0
1,1982,237,24903.41,24.2,37.2,-99,-99,0
1,1982,238,24249.46,24,35.4,-99,-99,0
1,1982,239,24379.07,23.6,36.2,-99,-99,0
1,1982,240,24731.95,23.4,37,-99,-99,0
1,1982,241,24610.21,24,36.4,-99,-99,0
1,1982,242,24812.84,23.8,36.2,-99,-99,0
1,1982,243,24365.58,24,34.6,-99,-99,0
1,1982,244,24693.68,22.6,36.6,-99,-99,0
1,1982,245,24713.25,24.2,36.2,-99,-99,0
1,1982,246,23856.92,24,36.6,-99,-99,0
1,1982,247,24867.3,24.2,36.4,-99,-99,0
1,1982,248,24915.24,24,35.2,-99,-99,0
1,1982,249,24414.86,23.8,36.2,-99,-99,0
1,1982,250,24973.61,24.4,37.29,-99,-99,0
1,1982,251,23565.42,24.6,37.6,-99,-99,0
1,1982,252,24862.79,24,37,-99,-99,0
1,1982,253,24419.09,24.2,34.2,-99,-99,1.1
1,1982,254,22773.97,23,32.8,-99,-99,0.2
1,1982,255,24007.66,24.2,35.4,-99,-99,0
1,1982,256,23775.58,24.8,37.2,-99,-99,0
1,1982,257,24346.31,25,36.15,-99,-99,1.1
1,1982,258,23843.51,25,35,-99,-99,2.1
1,1982,259,22710.86,22.6,33.6,-99,-99,11.4
1,1982,260,22547.68,21.6,30,-99,-99,11.1
1,1982,261,22618.74,23.8,33.6,-99,-99,10.6
1,1982,262,23537.98,22.8,30.4,-99,-99,0
1,1982,263,23451.18,24,33.8,-99,-99,0
1,1982,264,24954.16,24.4,34.6,-99,-99,0
1,1982,265,24499.45,23.4,31.8,-99,-99,0
1,1982,266,23759.75,22.8,34.4,-99,-99,0
1,1982,267,22669.4,24,34.6,-99,-99,0
1,1982,268,22438.47,23.8,32,-99,-99,0.1
1,1982,269,23381.64,23.6,30.8,-99,-99,0.8
1,1982,270,21701.93,22.6,35,-99,-99,33
1,1982,271,17253.38,21.6,30,-99,-99,7.3
1,1982,272,23650.59,22.2,31.4,-99,-99,0
1,1982,273,22401.92,23.4,32.4,-99,-99,0
1,1982,274,24212.75,23.6,30.8,-99,-99,0
1,1982,275,22088.13,23.2,32,-99,-99,18.4
1,1982,276,18147.74,22,29.6,-99,-99,13.5
1,1982,277,22997.65,22.6,30.6,-99,-99,27
1,1982,278,20293.06,21.2,27.4,-99,-99,3
1,1982,279,22015.42,22.2,32.4,-99,-99,1.2
1,1982,280,21977.96,22.2,29.6,-99,-99,3.3
1,1982,281,21595.96,22,29,-99,-99,5.3
1,1982,282,20166.98,22.4,29.6,-99,-99,83.7
1,1982,283,20514.05,21.6,26.8,-99,-99,8.4
1,1982,284,21447.6,22.8,33.2,-99,-99,0
1,1982,285,23251.69,23.2,32.2,-99,-99,0
1,1982,286,22925.16,23.6,32,-99,-99,2
1,1982,287,21328.67,23.2,31.26,-99,-99,31.6
1,1982,288,23171.62,21.4,32,-99,-99,1
1,1982,289,23604.58,23.8,32,-99,-99,15.2
1,1982,290,22933.26,21.6,30,-99,-99,0
1,1982,291,21233.69,23.6,32,-99,-99,20.6
1,1982,292,21155.22,21.2,30.8,-99,-99,27.1
1,1982,293,19733.35,21.2,29.8,-99,-99,0.9
1,1982,294,22681.94,22.8,33.6,-99,-99,3.5
1,1982,295,18804.85,23.29,30.44,-99,-99,0.1
1,1982,296,15919.14,23,28.03,-99,-99,5.8
1,1982,297,21950.07,21.8,32,-99,-99,0.5
1,1982,298,18223.13,22.8,29.72,-99,-99,0
1,1982,299,18513.15,21.15,28,-99,-99,0
1,1982,300,21006.68,20,29.54,-99,-99,0
1,1982,301,22046.3,20.03,31.2,-99,-99,0
1,1982,302,21620.74,21.1,31.38,-99,-99,1.2
1,1982,303,18865.64,22,29.59,-99,-99,0.1
1,1982,304,20377.84,21.8,30.44,-99,-99,0
1,1982,305,21925.71,20,30.49,-99,-99,0.5
1,1982,306,17268.71,22.21,33.8,-99,-99,0
1,1982,307,18224.08,23.6,32,-99,-99,0
1,1982,308,20631.71,24,30.4,-99,-99,0
1,1982,309,21447.78,23.4,31.4,-99,-99,0
1,1982,310,19768.8,24.6,28.4,-99,-99,0
1,1982,311,19657.54,23.4,32.2,-99,-99,22.2
1,1982,312,21199.4,22.4,32.2,-99,-99,0
1,1982,313,19826.39,23.8,33.2,-99,-99,0
1,1982,314,22410.07,24,33.6,-99,-99,4.5
1,1982,315,20241.32,22.8,30.6,-99,-99,8.6
1,1982,316,19635.3,22.2,29.6,-99,-99,1.5
1,1982,317,20045.85,23,30.8,-99,-99,0
1,1982,318,23278.55,24.4,33.4,-99,-99,0
1,1982,319,22272.23,23.8,33.6,-99,-99,0
1,1982,320,18887.23,24,32.6,-99,-99,0
1,1982,321,18921.01,23.8,30.6,-99,-99,0.2
1,1982,322,21865.39,23.4,31.2,-99,-99,0.6
1,1982,323,18802.58,24,32.8,-99,-99,61.4
1,1982,324,21574.79,21.6,31.4,-99,-99,4.1
1,1982,325,15007.71,23.6,30.4,-99,-99,1.2
1,1982,326,18498.03,23.8,30.2,-99,-99,0
1,1982,327,17461.69,23.4,30.6,-99,-99,26.7
1,1982,328,21824.78,22.6,29,-99,-99,0
1,1982,329,21479.98,23.4,31,-99,-99,0
1,1982,330,21069.26,23,32,-99,-99,0
1,1982,331,19698.63,24,31.8,-99,-99,0
1,1982,332,19857.11,22.4,31.8,-99,-99,0
1,1982,333,17833.69,23.8,32,-99,-99,31
1,1982,334,18940.09,21.6,30.6,-99,-99,0.4
1,1982,335,20969.11,23.2,28.8,-99,-99,0.2
1,1982,336,22207.32,24,32.6,-99,-99,0
1,1982,337,21373.28,24.4,32.8,-99,-99,22.5
1,1982,338,16610.8,21.8,30.2,-99,-99,26
1,1982,339,21183.85,23,28,-99,-99,34.1
1,1982,340,20508.73,23.2,31,-99,-99,2
1,1982,341,17786.14,24,29.6,-99,-99,0.8
1,1982,342,16348.47,22.4,29,-99,-99,0
1,1982,343,19784.82,23.4,31.6,-99,-99,0
1,1982,344,21731.94,23.2,31,-99,-99,0.1
1,1982,345,14603.09,24,29.6,-99,-99,0
1,1982,346,21516.05,24,30.4,-99,-99,0
1,1982,347,17404.19,24.4,30.4,-99,-99,55.2
1,1982,348,20526.01,24.4,32.6,-99,-99,0
1,1982,349,20055.55,23.6,33,-99,-99,0
1,1982,350,21916.3,23.4,32.6,-99,-99,71.2
1,1982,351,18994.99,21.4,31.2,-99,-99,0
1,1982,352,16513.33,23.6,30.8,-99,-99,0
1,1982,353,21160.75,24,30,-99,-99,40
1,1982,354,21076.13,22.8,29.6,-99,-99,0
1,1982,355,20878.75,23.4,32,-99,-99,77.2
1,1982,356,15289.99,20.4,30.6,-99,-99,0
1,1982,357,21151.23,23.6,32,-99,-99,0.3
1,1982,358,19222.98,23.8,31.8,-99,-99,17.5
1,1982,359,20779.26,21,31.2,-99,-99,0
1,1982,360,21362.54,23.4,32.4,-99,-99,0.2
1,1982,361,17579.94,24,31.6,-99,-99,1.5
1,1982,362,20767.28,23.2,30.4,-99,-99,0
1,1982,363,18611.4,23.6,30,-99,-99,1.9
1,1982,364,21967.96,23.2,28.8,-99,-99,0
1,1982,365,22993.54,23,33.4,-99,-99,0
