-75,3.91,415,0,0
1,1987,1,17891.1,23,33.2,-99,-99,5.5
1,1987,2,21106.01,22,34,-99,-99,0
1,1987,3,21348.54,23,34.4,-99,-99,0
1,1987,4,21252.48,22.6,36,-99,-99,0
1,1987,5,20666.77,23.6,32,-99,-99,0
1,1987,6,17196.19,22.8,33.4,-99,-99,0
1,1987,7,10863.88,24,31.8,-99,-99,0
1,1987,8,16112.21,23.6,32.2,-99,-99,0
1,1987,9,17715.55,23.4,32.4,-99,-99,0
1,1987,10,20911.32,23.2,34.8,-99,-99,0
1,1987,11,12232.42,23.6,34,-99,-99,7.1
1,1987,12,24321.74,23,34.8,-99,-99,0
1,1987,13,24686.48,22,34.2,-99,-99,0
1,1987,14,24453.63,22.8,34,-99,-99,0
1,1987,15,22921.48,22.2,36.6,-99,-99,0
1,1987,16,23417.63,21.8,34.87,-99,-99,0
1,1987,17,21106.01,23.4,34.5,-99,-99,0
1,1987,18,19666.94,26,34.2,-99,-99,0
1,1987,19,10230.4,24.4,32.6,-99,-99,0
1,1987,20,19666.94,23.6,32.4,-99,-99,0
1,1987,21,18919.79,23.8,32.6,-99,-99,0
1,1987,22,17796.63,21,33.6,-99,-99,14.8
1,1987,23,15518.35,22.4,34.26,-99,-99,0
1,1987,24,22786.42,23.6,35,-99,-99,0
1,1987,25,21409.4,23.8,35.49,-99,-99,0
1,1987,26,21348.54,24.8,35.37,-99,-99,5.3
1,1987,27,17240.6,22.2,35,-99,-99,12.2
1,1987,28,21890.29,23.2,34,-99,-99,0
1,1987,29,23071.44,24.2,36.06,-99,-99,0
1,1987,30,18405.02,24.6,36.41,-99,-99,0.6
1,1987,31,17675.01,25,36.23,-99,-99,4.3
1,1987,32,20602.52,23.6,33.2,-99,-99,0
1,1987,33,21677.59,23,37.39,-99,-99,0
1,1987,34,12707.32,25.2,37.14,-99,-99,0
1,1987,35,16898.19,23,35.38,-99,-99,0
1,1987,36,23438.89,24.2,34.5,-99,-99,0
1,1987,37,24585.52,22.8,36.79,-99,-99,0.4
1,1987,38,23599.68,23,36.09,-99,-99,0
1,1987,39,19558.62,22.8,34,-99,-99,0
1,1987,40,14546.58,24.2,33.4,-99,-99,0
1,1987,41,12967.06,24,33.27,-99,-99,2.6
1,1987,42,13455.69,24,33.36,-99,-99,0.1
1,1987,43,18451.29,24,33,-99,-99,0.1
1,1987,44,16060.64,22.2,29.48,-99,-99,0.3
1,1987,45,11039.86,23,31.52,-99,-99,2
1,1987,46,23071.44,22.4,33.52,-99,-99,0
1,1987,47,22632.16,24.4,32.33,-99,-99,0
1,1987,48,17487.39,24,34.6,-99,-99,0
1,1987,49,13455.69,25.6,35.4,-99,-99,0
1,1987,50,16587.54,22.6,33,-99,-99,0
1,1987,51,20216.27,24.2,34.8,-99,-99,0
1,1987,52,23637.54,24.2,35,-99,-99,0
1,1987,53,22293.6,25,35.98,-99,-99,1.7
1,1987,54,22975.09,24.2,34,-99,-99,0
1,1987,55,21943.27,23.6,36.24,-99,-99,0
1,1987,56,17151.79,25,36.29,-99,-99,0
1,1987,57,20252.51,23,36.93,-99,-99,0
1,1987,58,16019.85,23.2,36.58,-99,-99,0
1,1987,59,21219.67,25.2,34.2,-99,-99,0
1,1987,60,21285.3,24.4,32.6,-99,-99,0
1,1987,61,22903.61,23.6,35.14,-99,-99,14
1,1987,62,22444.65,22.2,30.63,-99,-99,0
1,1987,63,11991.36,21.4,33.2,-99,-99,5
1,1987,64,16945.15,22,33.35,-99,-99,7.5
1,1987,65,20731.03,21.6,33.64,-99,-99,1.8
1,1987,66,19488.35,24.2,34.6,-99,-99,0
1,1987,67,20252.51,25,35.25,-99,-99,0
1,1987,68,15200.31,23.6,36.54,-99,-99,0
1,1987,69,21890.29,21.8,31.6,-99,-99,0
1,1987,70,20911.32,24.18,33.6,-99,-99,0
1,1987,71,22550.32,23.8,34.2,-99,-99,0
1,1987,72,18809.75,23.86,31.47,-99,-99,0
1,1987,73,20602.52,23,32,-99,-99,0
1,1987,74,19558.62,23.2,29.47,-99,-99,1.7
1,1987,75,18809.75,21.35,33,-99,-99,0.6
1,1987,76,22078.64,21,34.2,-99,-99,0
1,1987,77,21527.53,20.03,35.27,-99,-99,0
1,1987,78,22658.32,22.6,35.63,-99,-99,0
1,1987,79,23050.07,23.4,32.4,-99,-99,0
1,1987,80,20731.03,24.14,30.09,-99,-99,0
1,1987,81,23229.71,23,35.44,-99,-99,0
1,1987,82,19123.2,22.8,36.23,-99,-99,0
1,1987,83,16760.97,23.66,35.35,-99,-99,0
1,1987,84,24152.29,23.37,36.43,-99,-99,0
1,1987,85,23396.36,25,35,-99,-99,3
1,1987,86,23713.25,24.1,35.99,-99,-99,0
1,1987,87,23561.82,24.03,37.02,-99,-99,0
1,1987,88,22523.05,25.25,32.4,-99,-99,2.4
1,1987,89,10285.45,24.44,31.87,-99,-99,0
1,1987,90,21106.01,23.2,29.99,-99,-99,0
1,1987,91,16945.15,23,31.4,-99,-99,0
1,1987,92,11295.18,23,29.83,-99,-99,41.9
1,1987,93,10558.49,21,31.2,-99,-99,4.7
1,1987,94,25143.87,20,32.4,-99,-99,0
1,1987,95,17151.79,22.8,32,-99,-99,21
1,1987,96,24057.3,21.8,32.6,-99,-99,0
1,1987,97,24057.3,22.2,33.49,-99,-99,0
1,1987,98,11826.21,22.6,31.2,-99,-99,0
1,1987,99,19593.75,20.67,32.89,-99,-99,0
1,1987,100,17622.93,21.6,33.43,-99,-99,2.5
1,1987,101,18208.65,22,33.8,-99,-99,0
1,1987,102,21969.76,21.8,34.2,-99,-99,0
1,1987,103,12076.67,22.2,34.59,-99,-99,0
1,1987,104,19215.52,22.6,32.6,-99,-99,0
1,1987,105,23255.42,21.55,35.17,-99,-99,0
1,1987,106,23396.36,25.4,35,-99,-99,0.7
1,1987,107,21585.91,23.6,31.2,-99,-99,0
1,1987,108,20252.51,25.2,32,-99,-99,0
1,1987,109,18157.66,25.4,32.2,-99,-99,0
1,1987,110,21852.69,24.4,33.4,-99,-99,0.1
1,1987,111,14196.92,25.2,33.75,-99,-99,0
1,1987,112,19412.79,24.2,32.6,-99,-99,0
1,1987,113,18712.32,23.2,33.71,-99,-99,0.5
1,1987,114,13709.92,24.2,31.2,-99,-99,1.7
1,1987,115,17891.1,23.4,33.69,-99,-99,0.1
1,1987,116,16490.3,24.6,32.6,-99,-99,0
1,1987,117,20462.34,24.2,30,-99,-99,35.7
1,1987,118,17049.74,23,31.49,-99,-99,5.9
1,1987,119,14391.56,23.2,31.08,-99,-99,9.3
1,1987,120,18451.29,22.2,32.4,-99,-99,2.4
1,1987,121,10238.86,23.6,30,-99,-99,16.1
1,1987,122,19171.25,23.14,31.6,-99,-99,0
1,1987,123,18525.97,23,31.5,-99,-99,51.4
1,1987,124,19450.57,22.93,29.42,-99,-99,0.3
1,1987,125,16898.19,23.25,31.49,-99,-99,6.4
1,1987,126,20145.11,23,30,-99,-99,84.5
1,1987,127,20180.03,23,31.48,-99,-99,1.6
1,1987,128,15979.06,23,32,-99,-99,0
1,1987,129,19412.79,23.6,31.2,-99,-99,0.2
1,1987,130,14649.74,22.2,30.11,-99,-99,0
1,1987,131,24438.98,20.88,32.5,-99,-99,0
1,1987,132,21488.15,21,32.46,-99,-99,0
1,1987,133,14932.89,21.6,32.4,-99,-99,0.4
1,1987,134,19450.57,22.4,33,-99,-99,0.1
1,1987,135,18106.66,22.1,33,-99,-99,0
1,1987,136,12316.46,22.8,33.23,-99,-99,34.2
1,1987,137,19990.85,23.8,32,-99,-99,0
1,1987,138,22106.1,22.6,33.4,-99,-99,0
1,1987,139,19523.49,21.5,33,-99,-99,0
1,1987,140,16392.38,22.8,33.57,-99,-99,2.8
1,1987,141,21285.3,24.35,31.2,-99,-99,12.6
1,1987,142,22786.42,24,30,-99,-99,0
1,1987,143,20288.76,23,26.64,-99,-99,8
1,1987,144,10289.68,22.6,29.51,-99,-99,1
1,1987,145,21585.91,22,30.91,-99,-99,0
1,1987,146,16112.21,20.43,31.36,-99,-99,0
1,1987,147,19488.35,20,32.4,-99,-99,0
1,1987,148,24292.43,21,33.2,-99,-99,0
1,1987,149,21146.43,20.39,33.31,-99,-99,0
1,1987,150,22939.35,21.8,31.38,-99,-99,0
1,1987,151,17796.63,20.23,33.4,-99,-99,0
1,1987,152,12400.49,23.4,32.5,-99,-99,1
1,1987,153,23050.07,22.2,33,-99,-99,0
1,1987,154,17529.12,24,32.57,-99,-99,0
1,1987,155,15788.65,23.6,31.4,-99,-99,0
1,1987,156,12019.8,24.4,31.67,-99,-99,0
1,1987,157,22106.1,23.2,32.4,-99,-99,0
1,1987,158,16898.19,23.6,33.4,-99,-99,0
1,1987,159,12048.23,24.4,31.47,-99,-99,0
1,1987,160,18045.31,25.2,32.67,-99,-99,0
1,1987,161,21969.76,23.4,33.2,-99,-99,0
1,1987,162,16490.3,22.6,33.53,-99,-99,0
1,1987,163,23092.81,23.4,34.02,-99,-99,0
1,1987,164,18637.87,26.2,32.6,-99,-99,0
1,1987,165,14054.51,22.4,34.2,-99,-99,1
1,1987,166,19488.35,23.2,35,-99,-99,0
1,1987,167,21890.29,24,34,-99,-99,0
1,1987,168,21527.53,23.4,34.2,-99,-99,0
1,1987,169,23523.96,22,34.5,-99,-99,0
1,1987,170,17445.65,24.2,34.26,-99,-99,0
1,1987,171,17993.91,20.14,34.98,-99,-99,0
1,1987,172,22342.41,23.4,34.65,-99,-99,0
1,1987,173,22684.48,25,35,-99,-99,0.1
1,1987,174,14101.89,20.2,33.25,-99,-99,6.3
1,1987,175,15292.36,22.2,33,-99,-99,0
1,1987,176,20418.1,23,31.67,-99,-99,0
1,1987,177,17942.5,24.6,33.23,-99,-99,0
1,1987,178,21996.25,25,34.2,-99,-99,0
1,1987,179,23028.7,24,34.5,-99,-99,0
1,1987,180,19171.25,23.2,33.78,-99,-99,0
1,1987,181,14546.58,24.4,33.2,-99,-99,0
1,1987,182,20602.52,22.4,34.07,-99,-99,0
1,1987,183,20911.32,24,34.5,-99,-99,0
1,1987,184,12232.42,23.4,33,-99,-99,0
1,1987,185,14862.05,21.8,32.4,-99,-99,3
1,1987,186,15884.74,23.4,32.5,-99,-99,0
1,1987,187,23561.82,22,34,-99,-99,0
1,1987,188,21585.91,22.8,34.45,-99,-99,0
1,1987,189,19666.94,22,29.62,-99,-99,0
1,1987,190,15339.93,19.6,34.98,-99,-99,17.3
1,1987,191,12886.65,22.4,34,-99,-99,0
1,1987,192,15452.93,22,35.11,-99,-99,0
1,1987,193,17756.09,23.6,34.57,-99,-99,0
1,1987,194,20331.87,23.6,35.11,-99,-99,0
1,1987,195,17196.19,24.2,33.67,-99,-99,0
1,1987,196,15387.5,25.8,34.56,-99,-99,0
1,1987,197,15016,23,34.6,-99,-99,0
1,1987,198,11447.47,24.2,32.6,-99,-99,0
1,1987,199,18208.65,23,35.42,-99,-99,0.5
1,1987,200,20180.03,22,32.2,-99,-99,0
1,1987,201,16898.19,24,32.5,-99,-99,0
1,1987,202,14598.16,23.4,34,-99,-99,0
1,1987,203,17487.39,24.6,34,-99,-99,0
1,1987,204,20538.56,25.2,34.98,-99,-99,0.5
1,1987,205,10642.32,23.8,34.2,-99,-99,1.1
1,1987,206,18883.11,22.4,33.88,-99,-99,4.3
1,1987,207,12814.92,23,34.53,-99,-99,0
1,1987,208,15746.09,23,35.21,-99,-99,0.5
1,1987,209,17294.16,23,32,-99,-99,1
1,1987,210,18312.46,24.2,32.6,-99,-99,53.6
1,1987,211,16304.89,21.2,32.4,-99,-99,3
1,1987,212,12967.06,24,31.6,-99,-99,3.5
1,1987,213,13145.27,23.4,31.78,-99,-99,0
1,1987,214,11792.03,23.6,33.33,-99,-99,0
1,1987,215,18312.46,23.4,31.52,-99,-99,0
1,1987,216,19075.15,23,33.52,-99,-99,0
1,1987,217,21348.54,24.8,34.2,-99,-99,0.5
1,1987,218,14932.89,23,34.6,-99,-99,0
1,1987,219,15063.68,23,32,-99,-99,0
1,1987,220,14339.84,22.4,34.44,-99,-99,0
1,1987,221,22244.8,23,33.62,-99,-99,0.1
1,1987,222,18675.09,23.2,34.34,-99,-99,0
1,1987,223,18675.09,23.4,34.23,-99,-99,0
1,1987,224,14649.74,22.8,33.22,-99,-99,0
1,1987,225,17570.85,22,35,-99,-99,0
1,1987,226,22550.32,23.4,34.5,-99,-99,0
1,1987,227,21488.15,23.8,35.4,-99,-99,0
1,1987,228,18312.46,25.6,36.16,-99,-99,0
1,1987,229,10268.51,22.8,34.53,-99,-99,0
1,1987,230,14649.74,26,33,-99,-99,0
1,1987,231,23481.43,24,35.62,-99,-99,0
1,1987,232,16210.82,25.4,33.75,-99,-99,0
1,1987,233,12679.78,26,33.77,-99,-99,0
1,1987,234,10646.02,24.6,35.21,-99,-99,0
1,1987,235,22682.3,26.4,35.34,-99,-99,0
1,1987,236,12992.92,25,35.17,-99,-99,0
1,1987,237,14649.65,25.4,34,-99,-99,0
1,1987,238,18504.38,24,34.7,-99,-99,0
1,1987,239,14952.65,22.6,34.26,-99,-99,0
1,1987,240,20190.26,23,36.32,-99,-99,0
1,1987,241,15805.53,24,35.63,-99,-99,0
1,1987,242,14579.37,24.6,35.56,-99,-99,0
1,1987,243,15694.52,25.2,32.4,-99,-99,0
1,1987,244,11151.58,25,35.41,-99,-99,0
1,1987,245,22627.63,23.8,35.69,-99,-99,0
1,1987,246,15453.59,24,33,-99,-99,0.8
1,1987,247,12418.73,23.8,34.2,-99,-99,0.9
1,1987,248,16443.66,25,35.95,-99,-99,0
1,1987,249,22415.61,23.2,35.93,-99,-99,8.9
1,1987,250,21458.14,22.6,35.65,-99,-99,0
1,1987,251,14805.28,25,36.42,-99,-99,0
1,1987,252,17174.18,23.8,35.53,-99,-99,0
1,1987,253,23299.38,22.8,36.8,-99,-99,0
1,1987,254,20805.7,24,35,-99,-99,0
1,1987,255,23875.98,23.6,35.08,-99,-99,0
1,1987,256,24302.38,21.6,36.22,-99,-99,1.3
1,1987,257,22916.84,22.57,36.46,-99,-99,0
1,1987,258,20274.61,23.2,34.6,-99,-99,0
1,1987,259,21394.05,24.4,35.6,-99,-99,5.6
1,1987,260,19165.85,22.8,33.74,-99,-99,0
1,1987,261,16795.95,24.8,36.55,-99,-99,0
1,1987,262,16238.15,24.4,34.56,-99,-99,0
1,1987,263,14981.54,24.4,34.07,-99,-99,0
1,1987,264,23354.93,24,33.8,-99,-99,28.4
1,1987,265,13721.57,23.8,31.8,-99,-99,0.2
1,1987,266,10787.15,24,30.65,-99,-99,6
1,1987,267,20694.61,24,34.5,-99,-99,0
1,1987,268,11896.25,24.4,34.2,-99,-99,0
1,1987,269,19846.76,22.8,35,-99,-99,0
1,1987,270,22491.48,22,33.6,-99,-99,0
1,1987,271,23599.5,24,35.62,-99,-99,3.1
1,1987,272,23729.57,24.4,34.6,-99,-99,0.1
1,1987,273,12843.34,22.6,31.69,-99,-99,22.6
1,1987,274,22174.2,23,33.2,-99,-99,7.6
1,1987,275,17285.68,22.8,30.18,-99,-99,0
1,1987,276,16299.92,23.2,33.41,-99,-99,0
1,1987,277,21578.21,22.2,33.84,-99,-99,0.8
1,1987,278,17250.71,23,26.2,-99,-99,0
1,1987,279,20991.7,24.4,34.2,-99,-99,0.1
1,1987,280,17918.49,24,33,-99,-99,0
1,1987,281,16098.25,24.6,32,-99,-99,52.9
1,1987,282,11782.04,21.4,33.67,-99,-99,4.1
1,1987,283,17732.66,22,32.5,-99,-99,1
1,1987,284,18547,21.6,33.2,-99,-99,1.5
1,1987,285,19497.76,22.8,32.6,-99,-99,4.2
1,1987,286,16019.9,22,33.4,-99,-99,4.2
1,1987,287,14896.92,21.4,28.22,-99,-99,1.6
1,1987,288,20678.94,24.6,33.2,-99,-99,54.1
1,1987,289,13759.17,21.4,33.36,-99,-99,30.5
1,1987,290,16636.22,20.2,28.44,-99,-99,5.9
1,1987,291,13862.99,23.6,30.58,-99,-99,0
1,1987,292,20583.39,23.6,31.8,-99,-99,11.7
1,1987,293,18634.99,21,32.4,-99,-99,4.8
1,1987,294,18062.45,22.4,33.64,-99,-99,1.5
1,1987,295,18313.03,23.2,31.49,-99,-99,1.3
1,1987,296,14729.62,23,30.02,-99,-99,28.3
1,1987,297,14025.6,21,29.52,-99,-99,62
1,1987,298,18648.9,21,33.6,-99,-99,18.7
1,1987,299,17668.36,20,31.69,-99,-99,11.3
1,1987,300,22956.17,21,30.24,-99,-99,50
1,1987,301,12992.66,22.8,28.49,-99,-99,9.1
1,1987,302,15011.4,22,28.22,-99,-99,0
1,1987,303,15396.32,21.2,29.68,-99,-99,0
1,1987,304,23775.74,22,30,-99,-99,0.4
1,1987,305,16392.38,21.4,30.48,-99,-99,0
1,1987,306,13029.83,22,29.83,-99,-99,0
1,1987,307,10715.2,22.6,31.3,-99,-99,1
1,1987,308,13933.45,22,28.49,-99,-99,0
1,1987,309,18892.99,23,33,-99,-99,0
1,1987,310,15100.89,23.2,33.64,-99,-99,0
1,1987,311,24072.99,23,30.48,-99,-99,0
1,1987,312,16664.25,23,33.27,-99,-99,0
1,1987,313,20522.32,22,33.67,-99,-99,0
1,1987,314,16213.78,23,32.6,-99,-99,1.3
1,1987,315,17391.69,23.2,33.4,-99,-99,0
1,1987,316,22567.25,23.6,33.88,-99,-99,0
1,1987,317,15210.58,22,34,-99,-99,0.5
1,1987,318,23567.94,23.4,29.98,-99,-99,45.7
1,1987,319,19816.14,21,32.8,-99,-99,0
1,1987,320,23370.77,22,31.6,-99,-99,0
1,1987,321,16052.11,21,30.89,-99,-99,0
1,1987,322,13251.34,22,30.78,-99,-99,100.5
1,1987,323,15083.73,21,26.27,-99,-99,13.8
1,1987,324,14799.85,20,25.19,-99,-99,30.5
1,1987,325,15967.46,20,29.47,-99,-99,0
1,1987,326,20162.04,21.2,31.2,-99,-99,0
1,1987,327,20532.48,22,31.4,-99,-99,0
1,1987,328,22873.95,23,31.42,-99,-99,33
1,1987,329,15234.15,21.8,30.43,-99,-99,0
1,1987,330,17970.93,21.2,32.27,-99,-99,0
1,1987,331,17165.54,23,29.02,-99,-99,0
1,1987,332,15315.29,21,30.52,-99,-99,2
1,1987,333,16476.66,20,31,-99,-99,16.7
1,1987,334,10320.37,21,32.67,-99,-99,19.3
1,1987,335,16967.73,21,30.97,-99,-99,35.5
1,1987,336,12779.08,21,31,-99,-99,0.9
1,1987,337,16026.43,22,32,-99,-99,4.4
1,1987,338,20832.5,22.6,30,-99,-99,0
1,1987,339,21468.05,23.6,30.83,-99,-99,0
1,1987,340,19242.37,23.2,28.54,-99,-99,15.5
1,1987,341,14420.6,21.4,28.29,-99,-99,0.9
1,1987,342,20907.76,22.8,32,-99,-99,0
1,1987,343,18299.57,23,31.2,-99,-99,2.6
1,1987,344,18031.08,22.2,31.4,-99,-99,2.8
1,1987,345,19061.17,23.2,32,-99,-99,0
1,1987,346,14255.16,23.4,33,-99,-99,0
1,1987,347,18140.09,22.2,32.6,-99,-99,0
1,1987,348,14894.49,22,32.33,-99,-99,0
1,1987,349,20334.32,20.2,31.15,-99,-99,0
1,1987,350,21756.4,23.6,33.6,-99,-99,0
1,1987,351,20199.26,23,33.46,-99,-99,0
1,1987,352,22141.65,23.6,34,-99,-99,0
1,1987,353,17607,23,33.6,-99,-99,0
1,1987,354,12813.87,23.4,33.77,-99,-99,0
1,1987,355,21238.48,23.2,34,-99,-99,0
1,1987,356,22408.57,22.4,34.53,-99,-99,0
1,1987,357,23450.72,23,34.2,-99,-99,0
1,1987,358,22160.57,22.6,34.5,-99,-99,2
1,1987,359,22816.59,21.2,35.06,-99,-99,0.4
1,1987,360,20230.21,22.5,34.5,-99,-99,0.8
1,1987,361,22446.17,23.17,32.6,-99,-99,0
1,1987,362,20639.01,23.6,32.08,-99,-99,0
1,1987,363,20520.48,23.2,31.97,-99,-99,0
1,1987,364,19622.75,21,35,-99,-99,5.1
1,1987,365,17293.76,23.2,34.5,-99,-99,0
