-75,3.91,415,0,0
1,2004,1,18608.15,22.2,34.4,-99,-99,0
1,2004,2,21879.64,24.2,35.2,-99,-99,0
1,2004,3,21375.75,25,35.4,-99,-99,27.2
1,2004,4,17348.65,22.2,32.8,-99,-99,0
1,2004,5,17233.92,24.8,32,-99,-99,5.3
1,2004,6,19080.73,24.6,33,-99,-99,0.6
1,2004,7,11641.23,23.8,30.4,-99,-99,4.8
1,2004,8,18203.04,22.8,31.2,-99,-99,6.5
1,2004,9,18354.1,24.8,31.8,-99,-99,0.4
1,2004,10,19950.1,24.8,31.4,-99,-99,0
1,2004,11,12877.62,24.8,31.6,-99,-99,0
1,2004,12,19866.18,24,32.6,-99,-99,0
1,2004,13,19100.78,24.2,33.4,-99,-99,0
1,2004,14,22422.24,24.4,34,-99,-99,0
1,2004,15,18886.74,23.4,34.4,-99,-99,0
1,2004,16,19176.86,24.2,33.6,-99,-99,0
1,2004,17,10598.92,24.8,29.2,-99,-99,0
1,2004,18,15254.19,21.8,32.2,-99,-99,0
1,2004,19,22046.27,22.4,33.6,-99,-99,0
1,2004,20,13837.5,22.4,32.4,-99,-99,0
1,2004,21,14125.03,24,33,-99,-99,1.2
1,2004,22,15746.7,23.2,32.4,-99,-99,0
1,2004,23,22045.62,22.8,34,-99,-99,0
1,2004,24,21277.81,22.4,33.8,-99,-99,0
1,2004,25,21846.95,21.8,33.6,-99,-99,0
1,2004,26,24027.16,22.2,34.6,-99,-99,0
1,2004,27,21916.9,21.8,34.2,-99,-99,0
1,2004,28,23969.81,22.2,34.6,-99,-99,0
1,2004,29,24412.78,21.6,34.8,-99,-99,0
1,2004,30,23643.07,22.4,34.8,-99,-99,0
1,2004,31,20168.75,23.4,34.6,-99,-99,0
1,2004,32,21826.13,23.8,35,-99,-99,0
1,2004,33,20235.81,23.8,35.8,-99,-99,0
1,2004,34,19455.01,24.2,34.4,-99,-99,0
1,2004,35,23022.27,25.2,35.6,-99,-99,0
1,2004,36,21698.53,24.4,35.6,-99,-99,0
1,2004,37,21325.19,23.2,36,-99,-99,0
1,2004,38,18901.81,24.4,34.6,-99,-99,0
1,2004,39,21121.63,24.6,35.2,-99,-99,4.5
1,2004,40,20334.05,24,35.4,-99,-99,0
1,2004,41,21876.19,23.2,37.8,-99,-99,0
1,2004,42,19163.16,24.8,36.4,-99,-99,0
1,2004,43,24009.86,24.8,37.4,-99,-99,0
1,2004,44,21291.22,25.8,37,-99,-99,0
1,2004,45,20772.28,24.4,35.4,-99,-99,6.5
1,2004,46,15000.25,22.8,31.8,-99,-99,0
1,2004,47,21112.37,24.2,36,-99,-99,0
1,2004,48,21420.89,24.4,35.4,-99,-99,0
1,2004,49,23533.4,24.8,35.6,-99,-99,0
1,2004,50,17037.18,24,31.2,-99,-99,9
1,2004,51,15253.35,23.8,32,-99,-99,6.5
1,2004,52,16946.5,23.8,32.6,-99,-99,67.5
1,2004,53,16830.46,21.2,30.8,-99,-99,7
1,2004,54,11827.28,21.6,28.2,-99,-99,2.5
1,2004,55,21347.89,24.2,33.6,-99,-99,2.2
1,2004,56,15917.52,20.2,29.8,-99,-99,0.7
1,2004,57,21400.2,23,33.2,-99,-99,1.8
1,2004,58,10769.05,22.2,27.6,-99,-99,17.4
1,2004,59,18642.38,21.8,33.4,-99,-99,0
1,2004,60,23720.47,24.2,33,-99,-99,0.3
1,2004,61,18823.65,23.8,32.6,-99,-99,0.1
1,2004,62,18561.5,25.2,32,-99,-99,0
1,2004,63,20974.14,23.6,34.4,-99,-99,0
1,2004,64,23107.74,23.6,36.4,-99,-99,0
1,2004,65,21999.22,23.4,35.6,-99,-99,0
1,2004,66,20323.51,22.2,31.2,-99,-99,0
1,2004,67,22316.87,23.4,33.4,-99,-99,0
1,2004,68,25159.49,24,34.8,-99,-99,0
1,2004,69,20180.03,24.2,35.76,-99,-99,0
1,2004,70,10302.48,25,33.6,-99,-99,0
1,2004,71,12161.97,25,30.2,-99,-99,0.2
1,2004,72,21378.97,22.4,35,-99,-99,0
1,2004,73,24041.47,22.8,36.6,-99,-99,0
1,2004,74,22736.81,23.2,35.6,-99,-99,0
1,2004,75,18106.66,24.8,33.4,-99,-99,0
1,2004,76,17715.55,24.4,36,-99,-99,0
1,2004,77,24838.94,25,34.6,-99,-99,19.5
1,2004,78,22342.41,25,35.4,-99,-99,0.2
1,2004,79,23028.7,24.8,35.4,-99,-99,1.8
1,2004,80,23637.54,25.4,35.8,-99,-99,0.7
1,2004,81,20911.32,23.6,36,-99,-99,4
1,2004,82,22367.97,24.4,34.8,-99,-99,0
1,2004,83,13372.79,25.2,31.4,-99,-99,0
1,2004,84,20314.03,23.8,37.2,-99,-99,0.7
1,2004,85,12097.7,25.2,32.2,-99,-99,0
1,2004,86,17193.19,24.8,33.6,-99,-99,0
1,2004,87,18746.26,22.8,34,-99,-99,0
1,2004,88,15770.78,25,33.4,-99,-99,0
1,2004,89,22410.85,23.4,35,-99,-99,0
1,2004,90,19858.47,24.4,34.6,-99,-99,0
1,2004,91,20414.71,25,35.4,-99,-99,8.5
1,2004,92,15183.24,22.8,31.8,-99,-99,0
1,2004,93,16868.22,24.8,32.6,-99,-99,4.5
1,2004,94,10940.32,23.2,35.2,-99,-99,47.7
1,2004,95,21213.86,22.8,33.6,-99,-99,0
1,2004,96,23169,23.8,36.8,-99,-99,0
1,2004,97,23854.61,24.4,36,-99,-99,0
1,2004,98,23695.28,24.4,36.2,-99,-99,11.2
1,2004,99,14135.12,22.4,30.8,-99,-99,0
1,2004,100,20991.7,24.8,33,-99,-99,37
1,2004,101,16212.4,22.2,31.6,-99,-99,0
1,2004,102,21372.49,23.63,36.54,-99,-99,0
1,2004,103,19675.01,25.43,33.2,-99,-99,39
1,2004,104,15469.03,22.8,30.4,-99,-99,0
1,2004,105,10532.89,24.8,30,-99,-99,33
1,2004,106,14741.29,23.8,30.6,-99,-99,0
1,2004,107,23205.4,23.4,32,-99,-99,3.7
1,2004,108,19907.92,23.8,31.8,-99,-99,54
1,2004,109,14692.43,21.8,30.4,-99,-99,2.5
1,2004,110,18275.08,23.6,31.8,-99,-99,0
1,2004,111,19220.24,22.2,32.8,-99,-99,2
1,2004,112,13258.92,23.2,27.4,-99,-99,74.3
1,2004,113,14207.56,22.8,27,-99,-99,18
1,2004,114,10747.92,22.4,25.6,-99,-99,4.5
1,2004,115,18981.77,21.8,30.4,-99,-99,48.5
1,2004,116,22249.5,21.4,30,-99,-99,0
1,2004,117,22080.91,22.8,32.8,-99,-99,0
1,2004,118,18765.56,22.4,31,-99,-99,5.5
1,2004,119,19148.48,22.4,33.4,-99,-99,0
1,2004,120,22318.01,23.2,34.4,-99,-99,0
1,2004,121,10650.38,24.2,28.4,-99,-99,1.2
1,2004,122,19880.08,23.8,32.2,-99,-99,0
1,2004,123,17135.85,24.2,32.4,-99,-99,6
1,2004,124,13993.84,22.2,30.4,-99,-99,2.8
1,2004,125,19790.48,23.4,32,-99,-99,0.1
1,2004,126,14087.97,25,31.6,-99,-99,0.5
1,2004,127,17707.79,23.8,35,-99,-99,0
1,2004,128,19296.39,23.8,34.2,-99,-99,0
1,2004,129,23164.38,23.6,36.2,-99,-99,1
1,2004,130,15212.5,23.4,31.6,-99,-99,0
1,2004,131,12108.96,23.4,31.4,-99,-99,0
1,2004,132,14632.37,23.2,33.2,-99,-99,0
1,2004,133,19951.47,23.8,35,-99,-99,0
1,2004,134,21787.65,24.4,35,-99,-99,0
1,2004,135,22420.3,21.4,36,-99,-99,0
1,2004,136,10427.88,23.8,32,-99,-99,0
1,2004,137,14128.18,23.4,34.6,-99,-99,0
1,2004,138,16889.85,23,30.2,-99,-99,0.8
1,2004,139,11178.74,24,31.2,-99,-99,3.5
1,2004,140,11295.71,22.6,31,-99,-99,1.7
1,2004,141,20906.43,22.4,31.6,-99,-99,0.5
1,2004,142,21799.13,22.2,32.4,-99,-99,13
1,2004,143,17430.66,19.8,28,-99,-99,0
1,2004,144,12287.32,22,31.26,-99,-99,0
1,2004,145,12009.66,22,29.6,-99,-99,8
1,2004,146,21683.66,22.8,34,-99,-99,0
1,2004,147,11980.5,23.8,29.2,-99,-99,2
1,2004,148,15622.87,22.8,30.2,-99,-99,0
1,2004,149,15995.87,21.8,31.4,-99,-99,0
1,2004,150,11418.47,23.8,27.4,-99,-99,3
1,2004,151,21034.21,22.4,32.2,-99,-99,0.3
1,2004,152,14903.26,23,32.4,-99,-99,0
1,2004,153,19820.91,22.4,29.45,-99,-99,0
1,2004,154,19411.87,22.4,34.2,-99,-99,0
1,2004,155,20558.97,23.4,35.4,-99,-99,0
1,2004,156,14198.4,24.4,32.4,-99,-99,0.6
1,2004,157,15866.92,23.4,33.4,-99,-99,10
1,2004,158,12882.53,22,28.4,-99,-99,0
1,2004,159,21778.46,21,32.8,-99,-99,0
1,2004,160,16861.07,22.4,34,-99,-99,0
1,2004,161,20328.75,23.8,35.4,-99,-99,0
1,2004,162,23663.55,22.2,34.4,-99,-99,0
1,2004,163,21718.31,21.4,35.2,-99,-99,0
1,2004,164,14374.4,24,33.6,-99,-99,0
1,2004,165,22080.12,23.2,34.4,-99,-99,0
1,2004,166,20784.72,24.8,35.2,-99,-99,0
1,2004,167,19619.98,24,35.4,-99,-99,0
1,2004,168,19997.75,24.2,36.2,-99,-99,0
1,2004,169,11135.93,24,33.4,-99,-99,0
1,2004,170,19344.21,24,35.6,-99,-99,0
1,2004,171,17928.87,25,35.4,-99,-99,0
1,2004,172,17156.25,25.4,34.6,-99,-99,0.6
1,2004,173,18436.45,23.4,34.6,-99,-99,0
1,2004,174,24076.95,22.2,36.6,-99,-99,0
1,2004,175,17921.77,24.2,35.2,-99,-99,0
1,2004,176,18435.15,23.4,35.8,-99,-99,0
1,2004,177,22796.69,22.2,35.4,-99,-99,0
1,2004,178,22030.12,22.8,35.2,-99,-99,0
1,2004,179,15876.52,22.8,34,-99,-99,0
1,2004,180,11132.41,23.8,32.4,-99,-99,0
1,2004,181,20248.36,22.4,35.2,-99,-99,0
1,2004,182,20126.56,21.6,34,-99,-99,0
1,2004,183,16665.92,22.2,33.2,-99,-99,0
1,2004,184,21684.69,23,34.6,-99,-99,0
1,2004,185,15137.61,23.6,33.8,-99,-99,1.2
1,2004,186,18104.05,23.4,29.68,-99,-99,0
1,2004,187,13608.79,23.8,32,-99,-99,0
1,2004,188,20057.06,22.2,35.2,-99,-99,4.8
1,2004,189,16718.74,22.6,33,-99,-99,0.8
1,2004,190,21760.81,23.2,33.6,-99,-99,4.3
1,2004,191,18936.78,21.6,31.6,-99,-99,0
1,2004,192,21535.37,22.8,35.4,-99,-99,0.6
1,2004,193,18708.06,22.2,33.4,-99,-99,7.5
1,2004,194,17947.31,21.8,33,-99,-99,0
1,2004,195,20424.66,22.2,33.4,-99,-99,11
1,2004,196,14218.75,20.8,29.6,-99,-99,4.4
1,2004,197,14231.97,19,30.8,-99,-99,0
1,2004,198,16065.05,22.2,31,-99,-99,0
1,2004,199,17382.19,22.8,30.8,-99,-99,0
1,2004,200,22219.43,21,30.49,-99,-99,0
1,2004,201,23417.29,21.2,32.6,-99,-99,0.2
1,2004,202,19630.35,19.03,33.6,-99,-99,0
1,2004,203,18111.34,22.4,31.15,-99,-99,0
1,2004,204,16823.47,22.6,31.4,-99,-99,0
1,2004,205,23526.43,20,34.2,-99,-99,0
1,2004,206,18306.57,23.6,32,-99,-99,0
1,2004,207,18066.12,21.8,32.8,-99,-99,0.3
1,2004,208,17956.89,22.4,33.4,-99,-99,0
1,2004,209,22458.74,22.4,34,-99,-99,0.3
1,2004,210,17738.32,22,32,-99,-99,0.3
1,2004,211,16968.34,20.8,33.6,-99,-99,0
1,2004,212,24795.79,21.8,35.4,-99,-99,8.8
1,2004,213,13699.99,21.2,31.6,-99,-99,0
1,2004,214,22739.49,23,35,-99,-99,0
1,2004,215,20511.28,23.6,36.4,-99,-99,0
1,2004,216,15083.2,24.2,33.6,-99,-99,0
1,2004,217,11771.43,23.6,32.4,-99,-99,1.6
1,2004,218,22595.71,21.2,36.2,-99,-99,0
1,2004,219,13404.78,24.8,33,-99,-99,0
1,2004,220,23995.36,23.6,36.4,-99,-99,0
1,2004,221,14511.33,25.4,34,-99,-99,0
1,2004,222,17483.06,25.2,34.2,-99,-99,0
1,2004,223,17237.04,22.4,34.6,-99,-99,0
1,2004,224,17259.37,24,35.2,-99,-99,0
1,2004,225,22269.71,23.8,36,-99,-99,0
1,2004,226,21893.83,23.2,35.2,-99,-99,0
1,2004,227,17054.99,26.4,35.2,-99,-99,0
1,2004,228,22550.32,26.8,37,-99,-99,0
1,2004,229,23333.68,23,38,-99,-99,0
1,2004,230,17932.4,23.2,37,-99,-99,2.7
1,2004,231,19177.39,23,36.2,-99,-99,0.7
1,2004,232,17158.23,23.4,36.4,-99,-99,0
1,2004,233,18268.36,24.6,35.8,-99,-99,0
1,2004,234,18152.57,21.4,35.4,-99,-99,0
1,2004,235,24686.48,22.8,37.6,-99,-99,0
1,2004,236,23391.66,23.6,37.2,-99,-99,0
1,2004,237,16978.51,24.8,34.6,-99,-99,0
1,2004,238,18915.84,22.8,35.4,-99,-99,3.8
1,2004,239,18385.48,23.4,35.6,-99,-99,0
1,2004,240,18815.58,24.4,36,-99,-99,0
1,2004,241,20897.41,24.2,36.2,-99,-99,0
1,2004,242,19814.42,23.6,37.4,-99,-99,0
1,2004,243,19831.7,24.2,36.8,-99,-99,0
1,2004,244,18605.9,24.8,36.4,-99,-99,0
1,2004,245,19587.79,24.8,35.4,-99,-99,0
1,2004,246,24858.11,19.47,39.4,-99,-99,0
1,2004,247,17817.24,25,37.6,-99,-99,0
1,2004,248,12703.09,26.4,34.5,-99,-99,0
1,2004,249,16592.29,24,34.6,-99,-99,0
1,2004,250,19376.81,24.2,34.6,-99,-99,0
1,2004,251,19804.06,24.4,34.2,-99,-99,5
1,2004,252,17313.13,20.8,31,-99,-99,35.5
1,2004,253,14540.11,19.8,27,-99,-99,36.7
1,2004,254,19553.65,21,33.4,-99,-99,0
1,2004,255,18447.46,23.6,32.8,-99,-99,0
1,2004,256,17060.76,23.2,34.2,-99,-99,0
1,2004,257,19712.37,23.2,34.4,-99,-99,0
1,2004,258,20832.13,22.4,35.2,-99,-99,0
1,2004,259,23067.22,23.2,34.6,-99,-99,0
1,2004,260,18050.06,22,32.6,-99,-99,0
1,2004,261,19865.19,23,35.2,-99,-99,0
1,2004,262,19587.13,23.4,36.4,-99,-99,0
1,2004,263,19028.9,23.4,33.4,-99,-99,0.7
1,2004,264,16375.88,21.85,32,-99,-99,7.3
1,2004,265,21678.26,22.4,33.8,-99,-99,0
1,2004,266,24467.41,23.4,34.6,-99,-99,0
1,2004,267,21532.16,25.4,36.8,-99,-99,0
1,2004,268,16362.85,24.4,34.2,-99,-99,0
1,2004,269,16078.51,26,33.4,-99,-99,0
1,2004,270,20956.52,24.2,36.4,-99,-99,0
1,2004,271,19135.14,24.6,34,-99,-99,0
1,2004,272,14942.66,22.8,32.4,-99,-99,0
1,2004,273,18838.92,23,34,-99,-99,0
1,2004,274,19107.79,22.2,33.6,-99,-99,5.6
1,2004,275,15335.1,22,31.4,-99,-99,0.3
1,2004,276,24238.02,22.8,35.8,-99,-99,0
1,2004,277,23109.37,24.4,36.2,-99,-99,5
1,2004,278,13077.04,24.6,31.4,-99,-99,0
1,2004,279,19601.28,23.6,34.6,-99,-99,0
1,2004,280,17501.63,24,34.4,-99,-99,14.2
1,2004,281,10821.43,22,34,-99,-99,3.9
1,2004,282,22883.33,23.4,34.2,-99,-99,0
1,2004,283,22585.87,23.93,34.2,-99,-99,0
1,2004,284,14944.58,24,31.6,-99,-99,0
1,2004,285,23650.98,23.2,35,-99,-99,29.6
1,2004,286,21829.41,21.8,31.6,-99,-99,0
1,2004,287,20286.64,24.8,32.4,-99,-99,58.6
1,2004,288,19574.38,21.6,33,-99,-99,0
1,2004,289,23276.76,25,34,-99,-99,0
1,2004,290,21872.57,22.8,34.2,-99,-99,11.5
1,2004,291,17304.41,22.8,30.6,-99,-99,0
1,2004,292,20720.9,24.8,31.8,-99,-99,1.2
1,2004,293,21244.86,24.2,31.4,-99,-99,1.2
1,2004,294,15867.12,22.8,31.6,-99,-99,21.9
1,2004,295,20642.9,22.4,31.4,-99,-99,2.5
1,2004,296,20342.16,21.6,31.8,-99,-99,25
1,2004,297,17580.53,20.8,29.6,-99,-99,5
1,2004,298,13732.66,21.2,29.2,-99,-99,14.5
1,2004,299,19577.87,21.2,30.4,-99,-99,13.2
1,2004,300,15872.58,23,30,-99,-99,0
1,2004,301,12584.51,23.2,29,-99,-99,0.8
1,2004,302,12837.4,22.8,29.2,-99,-99,0
1,2004,303,17024.7,23.4,31.4,-99,-99,10
1,2004,304,15509.01,21.2,29.4,-99,-99,57
1,2004,305,14267.84,21.4,29.4,-99,-99,3
1,2004,306,24112.99,23.8,32.4,-99,-99,0
1,2004,307,15979.4,25.4,31.6,-99,-99,5
1,2004,308,17168.59,23,31.2,-99,-99,3
1,2004,309,16200.67,24,30.6,-99,-99,1
1,2004,310,18730.61,24.2,32,-99,-99,27.8
1,2004,311,13601.33,22.6,29.2,-99,-99,12
1,2004,312,16932.4,22.8,30.4,-99,-99,5.5
1,2004,313,17576.74,24.8,30.6,-99,-99,0
1,2004,314,17952.01,24,32.8,-99,-99,0
1,2004,315,18326.42,24.4,31.8,-99,-99,0
1,2004,316,23234.03,24.6,32.8,-99,-99,0
1,2004,317,10282.97,23.6,30.4,-99,-99,0
1,2004,318,16385.69,23.8,32.8,-99,-99,0
1,2004,319,13174.5,24.2,31.69,-99,-99,0
1,2004,320,19125.55,23.2,32.4,-99,-99,0
1,2004,321,23604.4,24,33.2,-99,-99,0
1,2004,322,15633.32,23.6,31.6,-99,-99,28
1,2004,323,18916.67,22.4,30.6,-99,-99,9
1,2004,324,16384,23.4,30.4,-99,-99,9.5
1,2004,325,10956.88,22,31.48,-99,-99,0
1,2004,326,20293.74,20.8,33.2,-99,-99,0
1,2004,327,22505.86,22.6,33.8,-99,-99,1.1
1,2004,328,19062.91,24.2,32.6,-99,-99,0
1,2004,329,14971.6,24.4,31.4,-99,-99,0
1,2004,330,15610.41,24,31.4,-99,-99,0
1,2004,331,20178.77,23.4,32.6,-99,-99,0
1,2004,332,19110.92,23.4,32,-99,-99,0
1,2004,333,22491.75,24.2,33.4,-99,-99,0
1,2004,334,19465.65,23.4,30.58,-99,-99,0
1,2004,335,16184.52,23.6,33.2,-99,-99,0
1,2004,336,16691.99,24.8,31.8,-99,-99,1.8
1,2004,337,10682.89,23.38,27,-99,-99,15.3
1,2004,338,18227.78,23.2,32.2,-99,-99,0
1,2004,339,18995.26,24.4,32.4,-99,-99,0
1,2004,340,13519.54,25.2,31.8,-99,-99,0
1,2004,341,22479.81,24.4,35.2,-99,-99,0
1,2004,342,12463.18,24.6,31,-99,-99,4
1,2004,343,16871.2,23.2,32.2,-99,-99,0
1,2004,344,18031.08,24.2,30.8,-99,-99,0
1,2004,345,13741.76,24.6,30.6,-99,-99,1.3
1,2004,346,19183.62,22.4,32.4,-99,-99,0
1,2004,347,12046.2,24.4,30,-99,-99,0
1,2004,348,17486.99,23.2,32,-99,-99,0
1,2004,349,20075.12,23.6,33.6,-99,-99,13.7
1,2004,350,12167.46,22.2,28.4,-99,-99,0
1,2004,351,15016.55,22.6,30.4,-99,-99,0
1,2004,352,18125.21,24.4,29.82,-99,-99,0
1,2004,353,20068.71,23.2,32.4,-99,-99,0
1,2004,354,16830.6,24.4,32,-99,-99,0.6
1,2004,355,18387.57,24.2,32.6,-99,-99,0
1,2004,356,15280.1,23.2,33,-99,-99,0
1,2004,357,15802.13,24.4,33,-99,-99,0
1,2004,358,20474.83,24.4,33.8,-99,-99,0
1,2004,359,21519.44,25.2,34.6,-99,-99,0
1,2004,360,23214.78,24.2,35,-99,-99,0
1,2004,361,17513.03,23.6,33,-99,-99,0
1,2004,362,21288.42,23.2,33,-99,-99,0
1,2004,363,11553.89,23.4,31,-99,-99,0
1,2004,364,21443.11,22.2,33,-99,-99,0
1,2004,365,20676.57,21.8,32.6,-99,-99,0
1,2004,366,22514,24.6,33.6,-99,-99,0
