-75,3.91,415,0,0
1,1992,1,18405.02,22.8,34.48,-99,-99,0
1,1992,2,21097.89,21,34.4,-99,-99,17.2
1,1992,3,22027.71,19,35,-99,-99,1
1,1992,4,19175.62,20,36.2,-99,-99,60.5
1,1992,5,22066.51,19,30,-99,-99,0
1,1992,6,11629.16,20,30,-99,-99,0
1,1992,7,12164.65,19,30,-99,-99,0
1,1992,8,21608.61,20,36,-99,-99,0
1,1992,9,19534.17,20,34.2,-99,-99,3
1,1992,10,19687.58,19,33,-99,-99,0
1,1992,11,20104.91,21.2,32.4,-99,-99,0
1,1992,12,20655.52,22,34.4,-99,-99,0
1,1992,13,19232.49,20.8,32.6,-99,-99,0
1,1992,14,20180.41,21.6,33.2,-99,-99,0.3
1,1992,15,21527.47,20,35.2,-99,-99,0
1,1992,16,20366.71,22.6,32.6,-99,-99,0
1,1992,17,23307.31,20.6,34.2,-99,-99,0
1,1992,18,17375.09,22.8,36,-99,-99,0
1,1992,19,20453.43,21.6,33.75,-99,-99,0
1,1992,20,22610.3,20.8,35.6,-99,-99,0
1,1992,21,20780.47,21.6,36,-99,-99,0
1,1992,22,21611.88,22.8,35,-99,-99,0
1,1992,23,22312.61,21.6,36,-99,-99,0
1,1992,24,19005.1,21,31.4,-99,-99,3
1,1992,25,21713.07,20.8,32,-99,-99,0
1,1992,26,22284.01,21.6,36.4,-99,-99,0
1,1992,27,17485.28,22,36.2,-99,-99,0
1,1992,28,16303.56,22.6,35,-99,-99,0
1,1992,29,12190.41,20,31.4,-99,-99,0
1,1992,30,18246.72,20,34,-99,-99,20.4
1,1992,31,16250.37,19.8,31.4,-99,-99,6
1,1992,32,20743.52,19.8,35.2,-99,-99,0
1,1992,33,21591.16,22.6,36.2,-99,-99,0
1,1992,34,10903.1,20,29.6,-99,-99,0
1,1992,35,19895.32,21.4,35.8,-99,-99,0
1,1992,36,20200.74,22,33.4,-99,-99,0
1,1992,37,19279.6,22,33.8,-99,-99,0
1,1992,38,12482.53,20.6,32.2,-99,-99,0
1,1992,39,17838.73,21.6,34.2,-99,-99,7
1,1992,40,15813.28,20,31.4,-99,-99,0
1,1992,41,12958.35,21.6,31,-99,-99,3
1,1992,42,10644.35,19.8,28,-99,-99,0
1,1992,43,20569.84,20,33.4,-99,-99,0
1,1992,44,14263.47,21.8,32,-99,-99,0
1,1992,45,23256.18,22,33.8,-99,-99,0
1,1992,46,20527.77,22.8,33,-99,-99,0
1,1992,47,17099.4,20.6,32.6,-99,-99,0
1,1992,48,20035.24,20,34,-99,-99,0
1,1992,49,22700.9,23,34.2,-99,-99,0
1,1992,50,23011.12,22.8,35,-99,-99,0
1,1992,51,12471.24,21.6,33.2,-99,-99,16.9
1,1992,52,15275.18,21,29.6,-99,-99,1.8
1,1992,53,20037.69,19,32.4,-99,-99,0
1,1992,54,20343.38,21.8,32,-99,-99,0
1,1992,55,22745.56,21,35.4,-99,-99,0
1,1992,56,16337.28,22,33,-99,-99,0
1,1992,57,17758.4,20,34.6,-99,-99,0
1,1992,58,21705.63,21.2,33.6,-99,-99,7
1,1992,59,17800.28,19.8,31.2,-99,-99,0
1,1992,60,16134.39,22,32.4,-99,-99,0
1,1992,61,18401.82,21,31.6,-99,-99,0.5
1,1992,62,16028.36,20.8,36,-99,-99,0
1,1992,63,22664.27,20.6,35.8,-99,-99,0
1,1992,64,19161.07,21.6,36,-99,-99,0
1,1992,65,18613.91,20.8,32,-99,-99,0
1,1992,66,23005.36,21.6,33,-99,-99,0
1,1992,67,19633.33,22.2,35.8,-99,-99,0
1,1992,68,20495.9,23,35.8,-99,-99,0
1,1992,69,24610.54,21,36.4,-99,-99,0.3
1,1992,70,24767.15,20,33.2,-99,-99,0
1,1992,71,12751.48,19,31.6,-99,-99,0.2
1,1992,72,17714.91,20.8,33.2,-99,-99,0
1,1992,73,17015.94,20,34.4,-99,-99,0
1,1992,74,19148.99,21.6,36.4,-99,-99,30.3
1,1992,75,10938.15,19.4,33.6,-99,-99,0
1,1992,76,18313,22,32.4,-99,-99,0
1,1992,77,19877.74,22.8,35.6,-99,-99,0
1,1992,78,19598.98,22,36,-99,-99,0
1,1992,79,17476.37,21.8,35,-99,-99,0
1,1992,80,10958.64,23,35.2,-99,-99,0
1,1992,81,17622.67,22.8,34,-99,-99,0
1,1992,82,20599.62,25.32,35.38,-99,-99,0
1,1992,83,19748.88,21,34.6,-99,-99,0
1,1992,84,16914.27,20,35,-99,-99,0
1,1992,85,12380.93,20.8,31.8,-99,-99,0
1,1992,86,13937.17,22,34,-99,-99,0
1,1992,87,17755.69,21,32.4,-99,-99,0
1,1992,88,14780.66,22.8,33,-99,-99,0
1,1992,89,13080.07,20,35.4,-99,-99,0
1,1992,90,14206.55,22.8,31.2,-99,-99,20.8
1,1992,91,13495.25,19,30.4,-99,-99,0
1,1992,92,20698.9,21,33.2,-99,-99,2
1,1992,93,20462.34,20,31.2,-99,-99,0
1,1992,94,22921.48,21.6,35.4,-99,-99,2
1,1992,95,21219.67,20,32.6,-99,-99,0
1,1992,96,17891.1,21.6,33,-99,-99,0
1,1992,97,22342.41,21.8,35,-99,-99,0
1,1992,98,16019.85,22,33.5,-99,-99,10.2
1,1992,99,16019.85,20,34.31,-99,-99,0
1,1992,100,10863.88,22,30.6,-99,-99,0
1,1992,101,10226.16,21.8,32.4,-99,-99,0
1,1992,102,15244.78,21.4,33,-99,-99,0
1,1992,103,12316.46,22.6,33.6,-99,-99,0
1,1992,104,16257.85,22.6,34.54,-99,-99,0
1,1992,105,19488.35,24.42,31.43,-99,-99,40
1,1992,106,12274.44,23.69,30.91,-99,-99,10
1,1992,107,20538.56,22,33.6,-99,-99,0
1,1992,108,17396.69,23.4,34,-99,-99,0
1,1992,109,16806.71,23.4,29.84,-99,-99,0
1,1992,110,21943.27,23.6,32.4,-99,-99,0
1,1992,111,22023.71,24.39,33.01,-99,-99,0
1,1992,112,18260.56,24.62,31.4,-99,-99,0
1,1992,113,19907.92,22.6,32.97,-99,-99,0
1,1992,114,21252.48,22.21,32.6,-99,-99,0
1,1992,115,17993.91,22,33,-99,-99,0
1,1992,116,23438.89,24.14,31.65,-99,-99,0
1,1992,117,10845.42,23,31.4,-99,-99,0
1,1992,118,15662.64,21.05,30.4,-99,-99,0
1,1992,119,19123.2,19.05,31.36,-99,-99,0
1,1992,120,23092.81,20.77,33.88,-99,-99,0
1,1992,121,23396.36,24.05,31.6,-99,-99,0
1,1992,122,10635.78,23.6,33.4,-99,-99,0
1,1992,123,10621.07,22.6,32.5,-99,-99,0
1,1992,124,10606.27,21.6,33.41,-99,-99,0
1,1992,125,10591.39,20.8,33.47,-99,-99,15
1,1992,126,10576.45,23.1,32.2,-99,-99,50
1,1992,127,10561.47,23,32.37,-99,-99,20
1,1992,128,10546.48,21.8,33,-99,-99,2
1,1992,129,14966.43,21.2,33.6,-99,-99,10.4
1,1992,130,19506,22.2,31.4,-99,-99,0
1,1992,131,10501.53,23,33,-99,-99,0
1,1992,132,10486.63,23.4,35,-99,-99,3
1,1992,133,17147.62,20,31.2,-99,-99,0
1,1992,134,20721.24,21.6,34.6,-99,-99,6
1,1992,135,17362.96,19.6,32.4,-99,-99,0
1,1992,136,10427.88,22,32,-99,-99,0
1,1992,137,13199.51,21.2,32.4,-99,-99,0
1,1992,138,12916.02,21.6,30,-99,-99,0.3
1,1992,139,22156.13,19.8,34,-99,-99,0
1,1992,140,16710.06,22.6,31.4,-99,-99,0
1,1992,141,16291.33,21.8,32.4,-99,-99,0
1,1992,142,10344.18,23.6,32.4,-99,-99,0
1,1992,143,10330.95,22.6,34.02,-99,-99,0
1,1992,144,10317.98,19,33.6,-99,-99,0
1,1992,145,10305.26,20.8,34.6,-99,-99,0
1,1992,146,10292.82,20.6,32.6,-99,-99,0
1,1992,147,10280.68,22.8,35.4,-99,-99,0
1,1992,148,10268.83,23,35.2,-99,-99,0
1,1992,149,10257.3,20,32.8,-99,-99,0
1,1992,150,10246.11,22,33.8,-99,-99,0
1,1992,151,10235.25,19,33.8,-99,-99,0
1,1992,152,10224.75,22.8,34.05,-99,-99,0
1,1992,153,10214.61,19,36,-99,-99,6
1,1992,154,10204.84,20,32,-99,-99,0
1,1992,155,10195.46,20,33.2,-99,-99,0
1,1992,156,10186.48,19,32.6,-99,-99,0
1,1992,157,10177.9,22.8,36,-99,-99,10.9
1,1992,158,10169.74,19.2,33.8,-99,-99,0
1,1992,159,10162,21.8,32,-99,-99,0
1,1992,160,10154.68,22.6,34.2,-99,-99,4
1,1992,161,10147.81,22,39.2,-99,-99,0
1,1992,162,10141.37,20,33.6,-99,-99,0
1,1992,163,10135.39,21.6,33.4,-99,-99,0
1,1992,164,10129.86,20.8,34.4,-99,-99,0
1,1992,165,10124.8,22,31.4,-99,-99,0
1,1992,166,10120.2,21.6,34.91,-99,-99,0
1,1992,167,10116.07,20.8,34.2,-99,-99,0
1,1992,168,10112.41,22.6,34.2,-99,-99,0
1,1992,169,10109.22,22.6,32.4,-99,-99,0
1,1992,170,10106.52,23,33.6,-99,-99,0
1,1992,171,10104.29,22.8,34.2,-99,-99,0
1,1992,172,10102.55,21.8,35,-99,-99,0
1,1992,173,10101.29,22.6,34,-99,-99,0
1,1992,174,18563.31,20.03,36.8,-99,-99,0
1,1992,175,10100.21,23,35.8,-99,-99,0
1,1992,176,21640.83,22.2,34.6,-99,-99,0
1,1992,177,16769.47,21.8,34.2,-99,-99,0
1,1992,178,19978,21.8,35.4,-99,-99,0
1,1992,179,23830.04,22,37.2,-99,-99,0
1,1992,180,16649.94,21.45,33.69,-99,-99,0
1,1992,181,14985.87,21,35.6,-99,-99,0
1,1992,182,19998.16,21,34.4,-99,-99,0
1,1992,183,18849.58,21.8,33.62,-99,-99,0
1,1992,184,22327.23,21.8,34.48,-99,-99,0
1,1992,185,16037.63,21.2,36.2,-99,-99,0
1,1992,186,14887.91,18.92,37.4,-99,-99,0
1,1992,187,21975.79,20,33.2,-99,-99,0
1,1992,188,13359.11,20.33,36.2,-99,-99,0
1,1992,189,19683.36,20,33.8,-99,-99,0
1,1992,190,15053.22,21.8,30.65,-99,-99,0
1,1992,191,19065.87,20,36.8,-99,-99,0
1,1992,192,13008.12,21.8,32.6,-99,-99,0
1,1992,193,21682.27,20,37.4,-99,-99,0
1,1992,194,15876.4,21.2,33.6,-99,-99,60
1,1992,195,16408.45,22,29.8,-99,-99,2
1,1992,196,17979.57,22,36,-99,-99,60
1,1992,197,19943.93,21.2,32,-99,-99,0.5
1,1992,198,20353.58,20.57,33.6,-99,-99,0
1,1992,199,21285.15,20,31.6,-99,-99,0
1,1992,200,24433.62,19.05,34.4,-99,-99,0
1,1992,201,17679.78,21,33,-99,-99,0
1,1992,202,11302.1,20,34.2,-99,-99,0
1,1992,203,11183.5,20.96,31.2,-99,-99,0
1,1992,204,11719.24,20.09,34.4,-99,-99,0
1,1992,205,18939.86,20,36,-99,-99,0
1,1992,206,18700.22,19.03,35.6,-99,-99,0
1,1992,207,17803.34,19.11,33.4,-99,-99,0
1,1992,208,20325.08,19.96,34.5,-99,-99,0
1,1992,209,18374.62,20.09,35.4,-99,-99,0
1,1992,210,20508.81,20.36,34.8,-99,-99,0
1,1992,211,24630.86,20.03,35.4,-99,-99,0
1,1992,212,18974.64,21.6,33.6,-99,-99,0
1,1992,213,20059.38,20.96,32.6,-99,-99,0
1,1992,214,21545.39,22,35.4,-99,-99,0
1,1992,215,24895.96,20.8,31.83,-99,-99,0
1,1992,216,16014.63,18.63,36,-99,-99,0
1,1992,217,15635.84,20,33.8,-99,-99,0
1,1992,218,21127.75,21.6,34.6,-99,-99,0
1,1992,219,20087.06,20,35.2,-99,-99,0
1,1992,220,19846.29,19.94,35.18,-99,-99,0
1,1992,221,18846.43,21.2,35,-99,-99,0
1,1992,222,20838.86,22.2,33.6,-99,-99,0
1,1992,223,24496.1,21.05,34.8,-99,-99,0
1,1992,224,23586.58,22,36.4,-99,-99,0
1,1992,225,24966.02,20,36.4,-99,-99,0
1,1992,226,20543.76,19.91,35.4,-99,-99,0
1,1992,227,20164.57,20,34.2,-99,-99,0
1,1992,228,15993.09,21,35.2,-99,-99,0
1,1992,229,18859.65,22.8,31.76,-99,-99,0
1,1992,230,24449.01,21.8,34.5,-99,-99,0
1,1992,231,21624.43,20.53,35.95,-99,-99,0
1,1992,232,21242.07,21,36.4,-99,-99,0
1,1992,233,20585.58,20.3,34.8,-99,-99,0
1,1992,234,21428.16,20,36.4,-99,-99,20.7
1,1992,235,18309.32,23.5,31,-99,-99,0
1,1992,236,11761.49,21.73,33.4,-99,-99,0
1,1992,237,18348.43,21.8,35.9,-99,-99,0
1,1992,238,24813.48,20,32.8,-99,-99,0
1,1992,239,13167.58,19.69,33.4,-99,-99,0
1,1992,240,21427.47,21,34.2,-99,-99,0
1,1992,241,13603.64,22.2,36.4,-99,-99,0
1,1992,242,19538.9,23,36.2,-99,-99,0
1,1992,243,19004.27,22,36.77,-99,-99,0
1,1992,244,18881.98,22,35.6,-99,-99,0
1,1992,245,14889.84,21,36.96,-99,-99,0
1,1992,246,15315.29,21.1,35.6,-99,-99,16.8
1,1992,247,16433.01,20.77,36.8,-99,-99,9.8
1,1992,248,22400.86,22.15,34.8,-99,-99,0
1,1992,249,23386.16,21.8,31.2,-99,-99,0
1,1992,250,21874.41,22,35.93,-99,-99,5.3
1,1992,251,19387.5,22,30.8,-99,-99,0
1,1992,252,16479.44,21.8,31.6,-99,-99,0
1,1992,253,19962.52,20,33.2,-99,-99,0.4
1,1992,254,20805.7,21.45,32.4,-99,-99,0
1,1992,255,19949.39,21.6,36.8,-99,-99,0
1,1992,256,23327.55,21.35,37,-99,-99,0
1,1992,257,15532.63,22.8,36.4,-99,-99,0
1,1992,258,17208.23,23.4,33,-99,-99,8
1,1992,259,14283.08,22.6,30.6,-99,-99,1
1,1992,260,13586.89,23,29.8,-99,-99,0
1,1992,261,23352.96,21,35.8,-99,-99,0
1,1992,262,11493.76,22.6,29,-99,-99,0
1,1992,263,16935.44,21.9,32.4,-99,-99,0
1,1992,264,15957.14,22,31.6,-99,-99,0
1,1992,265,20421.94,20.8,35.53,-99,-99,4.4
1,1992,266,18464.85,22.4,32.4,-99,-99,5
1,1992,267,20555.02,21,33.4,-99,-99,20.1
1,1992,268,14967.04,20,31.4,-99,-99,4.4
1,1992,269,20405.01,19.8,34.6,-99,-99,15.7
1,1992,270,22491.48,22,36.2,-99,-99,6.1
1,1992,271,17042.47,21.6,30.2,-99,-99,4.2
1,1992,272,21776.93,22.8,35.4,-99,-99,6.3
1,1992,273,21627.56,22.8,32.6,-99,-99,0
1,1992,274,22592.35,23,34.2,-99,-99,0
1,1992,275,17196.19,23.8,34,-99,-99,0
1,1992,276,16856.98,22.8,34.4,-99,-99,0.5
1,1992,277,22830.98,23,32.4,-99,-99,0
1,1992,278,22398.23,23.4,34.8,-99,-99,4.9
1,1992,279,12093.02,20.1,28.2,-99,-99,0
1,1992,280,20280.74,22.8,34.2,-99,-99,0
1,1992,281,19292.11,21,33.4,-99,-99,0.2
1,1992,282,21911.97,21.55,34.2,-99,-99,0
1,1992,283,19812.61,22,33.4,-99,-99,0
1,1992,284,24227.73,21.85,35.6,-99,-99,0
1,1992,285,24204.74,21.9,33.25,-99,-99,10.8
1,1992,286,16296.54,22.8,30.6,-99,-99,0
1,1992,287,21530.42,21,35.2,-99,-99,0
1,1992,288,18193.69,20,33.4,-99,-99,0
1,1992,289,20793.91,21.6,34.2,-99,-99,0
1,1992,290,20081.18,22,33.2,-99,-99,0
1,1992,291,19231.6,23.6,33.4,-99,-99,0
1,1992,292,20308.36,22,34.2,-99,-99,0
1,1992,293,13552.62,22.6,32,-99,-99,0
1,1992,294,15455.5,22.8,32.6,-99,-99,0
1,1992,295,20917,22.15,34.2,-99,-99,0
1,1992,296,19383.92,20,35.4,-99,-99,0
1,1992,297,20041.64,21.4,33.6,-99,-99,1.7
1,1992,298,19331.71,23.8,34.6,-99,-99,0
1,1992,299,12161.97,23.05,35.22,-99,-99,0
1,1992,300,22411.28,23,36.11,-99,-99,0
1,1992,301,16121.81,23,35.4,-99,-99,2.1
1,1992,302,13516.77,24.66,32.6,-99,-99,0
1,1992,303,20417.16,24.04,33.8,-99,-99,0
1,1992,304,20387.74,24.34,32.6,-99,-99,0
1,1992,305,21305.56,23,36.04,-99,-99,0
1,1992,306,10326.62,22.6,32.8,-99,-99,0
1,1992,307,20703.68,24.02,34.2,-99,-99,0
1,1992,308,15955.41,24.85,33.6,-99,-99,0
1,1992,309,16604.52,23.4,35,-99,-99,14.8
1,1992,310,21150.41,23,35.6,-99,-99,40.6
1,1992,311,10245.03,18.2,25.6,-99,-99,3.2
1,1992,312,18139.03,22.21,33,-99,-99,0
1,1992,313,23200.12,23,35.2,-99,-99,0
1,1992,314,16213.78,24,31.6,-99,-99,0
1,1992,315,20596.45,22.8,33.8,-99,-99,0
1,1992,316,17766.5,23.6,31.4,-99,-99,0
1,1992,317,15610.12,22.6,32.8,-99,-99,5.2
1,1992,318,19045.78,21.8,33.4,-99,-99,20.1
1,1992,319,18620.65,20.6,30,-99,-99,4.1
1,1992,320,15278.31,20,31.2,-99,-99,0.7
1,1992,321,20159.5,21.4,31.8,-99,-99,9
1,1992,322,10340.04,20,26.8,-99,-99,1
1,1992,323,18255.82,22.4,32,-99,-99,1.4
1,1992,324,13743.75,20,31,-99,-99,5
1,1992,325,18868.32,23,32.4,-99,-99,0
1,1992,326,15025.5,22.8,33.4,-99,-99,0
1,1992,327,19216.89,21.4,32.2,-99,-99,8
1,1992,328,16828.86,21,30,-99,-99,6.5
1,1992,329,13396.3,21.8,31.2,-99,-99,37.2
1,1992,330,17315.23,20,31.6,-99,-99,3.5
1,1992,331,19916.75,22,32.4,-99,-99,3
1,1992,332,11912.31,22.4,30,-99,-99,0
1,1992,333,19484.21,22.2,31.8,-99,-99,17
1,1992,334,22078.58,21,35.6,-99,-99,0
1,1992,335,23233.45,22,31.8,-99,-99,0
1,1992,336,17396.69,22,31.6,-99,-99,0
1,1992,337,16156.76,23,32.4,-99,-99,0
1,1992,338,17316.13,22.8,32.8,-99,-99,0.7
1,1992,339,11707.03,20,29,-99,-99,40.3
1,1992,340,13649.61,19.8,28.6,-99,-99,0.8
1,1992,341,20400.01,21.6,33.4,-99,-99,0.3
1,1992,342,22726.59,22.2,31.8,-99,-99,4
1,1992,343,18429.43,21.6,32.4,-99,-99,40
1,1992,344,11411.61,20.4,28.4,-99,-99,0
1,1992,345,20618.07,22.6,30.8,-99,-99,0
1,1992,346,20869.67,23,32.8,-99,-99,0
1,1992,347,11397.91,21.8,30,-99,-99,10.55
1,1992,348,19301.74,23.1,31,-99,-99,0
1,1992,349,13983.96,22.8,30,-99,-99,0
1,1992,350,16184.45,21.6,33.4,-99,-99,0
1,1992,351,16571.36,22,32,-99,-99,0
1,1992,352,17866.08,22,33.2,-99,-99,0
1,1992,353,21105.22,23,32.4,-99,-99,0
1,1992,354,19810.75,21.8,34,-99,-99,0
1,1992,355,18257.98,23.4,32.8,-99,-99,0
1,1992,356,20464.44,23,33,-99,-99,33.7
1,1992,357,18913.42,20.8,31.6,-99,-99,0
1,1992,358,19307.77,23,32.4,-99,-99,0
1,1992,359,15422.84,22.8,33.2,-99,-99,0
1,1992,360,23993.36,23,32,-99,-99,0
1,1992,361,13748.27,22.6,33,-99,-99,0
1,1992,362,14534.57,22,34.6,-99,-99,0
1,1992,363,14412.81,21.8,32.8,-99,-99,10.4
1,1992,364,14681.76,22,31.6,-99,-99,0
1,1992,365,21847.54,20.6,33.4,-99,-99,0
1,1992,366,17566.55,24,34.2,-99,-99,0
