-75,3.91,415,0,0
1,1981,1,18562.05,22.4,30.4,-99,-99,0
1,1981,2,16303.41,22.4,31.2,-99,-99,0
1,1981,3,24554.07,23.2,32,-99,-99,0
1,1981,4,23724.31,22.2,32.8,-99,-99,0
1,1981,5,19651.07,22.4,31.6,-99,-99,7.7
1,1981,6,18239.86,22.8,31,-99,-99,0
1,1981,7,14061.28,22.8,29.2,-99,-99,8.3
1,1981,8,11917.3,21.4,29.2,-99,-99,30.6
1,1981,9,20783.6,22.6,29.6,-99,-99,0
1,1981,10,22859.82,21.4,33,-99,-99,11.3
1,1981,11,21161.62,23.6,30,-99,-99,0
1,1981,12,12069.38,22.4,32.6,-99,-99,0
1,1981,13,13676.48,23.2,31.2,-99,-99,0
1,1981,14,22578.04,21.4,31.2,-99,-99,0
1,1981,15,24386.64,22.6,31.8,-99,-99,0
1,1981,16,23158.91,22.8,32.2,-99,-99,0
1,1981,17,23983.91,23.6,33,-99,-99,0
1,1981,18,22020.25,23.6,34.14,-99,-99,0
1,1981,19,22020.25,22.6,33.4,-99,-99,0
1,1981,20,21459.19,22.2,33.4,-99,-99,0
1,1981,21,24802.77,22.2,33.6,-99,-99,0
1,1981,22,23569.13,22.4,33.4,-99,-99,0
1,1981,23,23854.11,21.8,32.8,-99,-99,0
1,1981,24,19776.4,21.6,32.4,-99,-99,0
1,1981,25,17517.26,22.2,34,-99,-99,0.1
1,1981,26,18099.72,22.8,33.4,-99,-99,0
1,1981,27,20650.67,23.2,34,-99,-99,0
1,1981,28,17933.46,21.8,34.8,-99,-99,0
1,1981,29,11758.93,23,33.6,-99,-99,0
1,1981,30,18980.02,22.6,34.8,-99,-99,0
1,1981,31,17777.77,22.8,32.4,-99,-99,0
1,1981,32,16303.41,24,33.6,-99,-99,0
1,1981,33,20014.06,22.4,35.4,-99,-99,0
1,1981,34,20650.67,22,32.6,-99,-99,0
1,1981,35,17933.46,23.4,32,-99,-99,32.9
1,1981,36,17384.11,21.6,32.2,-99,-99,0
1,1981,37,22494.92,22.8,33.4,-99,-99,0
1,1981,38,15142.19,21.8,33.6,-99,-99,0
1,1981,39,22779.42,23.4,34.4,-99,-99,7.6
1,1981,40,19238.14,21.8,31.8,-99,-99,0.1
1,1981,41,21843.74,23.4,35.6,-99,-99,2.9
1,1981,42,13418.97,23.4,35,-99,-99,0.7
1,1981,43,13542.82,22.2,30.8,-99,-99,0
1,1981,44,11758.93,23.4,33.2,-99,-99,0
1,1981,45,14061.28,22.6,31.2,-99,-99,2.6
1,1981,46,15674.15,24,31.6,-99,-99,0.4
1,1981,47,17098.03,24.2,32.2,-99,-99,5
1,1981,48,16303.41,20.4,32.4,-99,-99,7.7
1,1981,49,19776.4,23.2,33.6,-99,-99,0
1,1981,50,13933.14,24.2,30,-99,-99,0.4
1,1981,51,14760.08,23,31.2,-99,-99,0
1,1981,52,20378.89,21.32,33,-99,-99,0
1,1981,53,19776.4,24.2,32,-99,-99,0
1,1981,54,21843.74,22.6,29.6,-99,-99,1.3
1,1981,55,17384.11,22.2,30.2,-99,-99,1
1,1981,56,18843.94,23.6,29.8,-99,-99,19.9
1,1981,57,15263.73,23.2,31.8,-99,-99,0
1,1981,58,18700.04,23.4,34.4,-99,-99,0
1,1981,59,20240.86,22.4,32.6,-99,-99,0
1,1981,60,20900.92,23,35,-99,-99,0
1,1981,61,17650.02,22.6,35.6,-99,-99,0
1,1981,62,17384.11,22.2,34.6,-99,-99,0
1,1981,63,23323.36,23,36,-99,-99,0
1,1981,64,21665,23.2,36.4,-99,-99,95.6
1,1981,65,10840.82,21.6,30.6,-99,-99,7.7
1,1981,66,21927.88,24.2,31.8,-99,-99,0.4
1,1981,67,18239.86,23.4,31.8,-99,-99,0
1,1981,68,19114.05,23,29,-99,-99,32.7
1,1981,69,19114.05,22.8,29.2,-99,-99,18.1
1,1981,70,18700.04,23.8,31,-99,-99,0
1,1981,71,25122.63,24.2,33.2,-99,-99,0
1,1981,72,23724.31,23.6,32.8,-99,-99,0
1,1981,73,11465.92,24,32.6,-99,-99,0.1
1,1981,74,23225.25,23.4,32.6,-99,-99,0
1,1981,75,16969.98,23.6,33.2,-99,-99,0
1,1981,76,13810.13,24.6,32.4,-99,-99,0
1,1981,77,10291.41,24,34,-99,-99,0
1,1981,78,11075.01,24,34,-99,-99,0
1,1981,79,16693.81,23.2,33.2,-99,-99,0
1,1981,80,15012.12,23.6,34.2,-99,-99,0
1,1981,81,15928.8,23.2,32.4,-99,-99,0
1,1981,82,20378.89,23.2,33.4,-99,-99,0
1,1981,83,23789.21,23.4,33.4,-99,-99,0
1,1981,84,13305.99,21.6,33.8,-99,-99,0
1,1981,85,12215.15,22,31,-99,-99,0
1,1981,86,23854.11,23.6,31.2,-99,-99,0
1,1981,87,23789.21,22,34.2,-99,-99,0
1,1981,88,23158.91,22.4,34.2,-99,-99,1.2
1,1981,89,23405.28,23,33.4,-99,-99,0
1,1981,90,20900.92,22.6,35.4,-99,-99,0
1,1981,91,18099.72,23.4,35.4,-99,-99,0
1,1981,92,12320.52,23,34.2,-99,-99,0
1,1981,93,21560.36,24.8,34.6,-99,-99,0
1,1981,94,22122.54,24,34,-99,-99,2.3
1,1981,95,17777.77,22.6,30,-99,-99,17.9
1,1981,96,20783.6,22,31.6,-99,-99,0
1,1981,97,12764.18,23.2,30,-99,-99,0.9
1,1981,98,20783.6,23.6,31.6,-99,-99,45.9
1,1981,99,22220.49,20.6,32.2,-99,-99,0
1,1981,100,22220.49,23,33.4,-99,-99,0
1,1981,101,13810.13,25.2,33.2,-99,-99,1.4
1,1981,102,20014.06,22.8,29.8,-99,-99,0.5
1,1981,103,11996.49,24.2,30.8,-99,-99,0
1,1981,104,21161.62,24,30.4,-99,-99,16
1,1981,105,15389.84,22.8,30.6,-99,-99,2
1,1981,106,13418.97,23.4,27.2,-99,-99,11.3
1,1981,107,13418.97,25.2,31.31,-99,-99,0
1,1981,108,12425.89,23.4,32.6,-99,-99,77
1,1981,109,16969.98,21,28,-99,-99,0.2
1,1981,110,16303.41,21.6,30.4,-99,-99,0
1,1981,111,14760.08,23.2,32.2,-99,-99,23.9
1,1981,112,21242.82,22.4,28.4,-99,-99,20.7
1,1981,113,13305.99,22.6,31.6,-99,-99,1
1,1981,114,17517.26,23.2,31.2,-99,-99,7.8
1,1981,115,23225.25,23.2,32.2,-99,-99,14.9
1,1981,116,19114.05,23,33.6,-99,-99,0
1,1981,117,12142.26,25,31.8,-99,-99,0
1,1981,118,16042.76,23,28.8,-99,-99,7.3
1,1981,119,12648.94,22.2,30.2,-99,-99,31
1,1981,120,11679.74,22.2,29.2,-99,-99,0
1,1981,121,14328.8,21.8,27.6,-99,-99,0
1,1981,122,10997.34,23.6,31.4,-99,-99,4.1
1,1981,123,15389.84,22.4,30,-99,-99,5.6
1,1981,124,11075.01,22.8,28.2,-99,-99,0
1,1981,125,10102.62,23.6,30.6,-99,-99,46.2
1,1981,126,16165.71,20.8,28.8,-99,-99,1.5
1,1981,127,10083.74,23.6,31,-99,-99,80.5
1,1981,128,11254.68,20.2,26.6,-99,-99,4.8
1,1981,129,13079.54,22,27.6,-99,-99,0
1,1981,130,10168.69,21.6,29.8,-99,-99,3.8
1,1981,131,13933.14,22.8,30.4,-99,-99,2.6
1,1981,132,13418.97,22.4,30,-99,-99,0
1,1981,133,22122.54,23.8,33,-99,-99,13.5
1,1981,134,12648.94,22.6,29.2,-99,-99,5.8
1,1981,135,17243.58,22,31.2,-99,-99,27.9
1,1981,136,11996.49,22,28.4,-99,-99,1.8
1,1981,137,17933.46,23.2,32.4,-99,-99,0
1,1981,138,15142.19,24,31,-99,-99,0
1,1981,139,21927.88,23.2,33,-99,-99,0
1,1981,140,16969.98,24.2,33.2,-99,-99,0
1,1981,141,19385.7,24.6,34.4,-99,-99,0
1,1981,142,20014.06,23.2,31.8,-99,-99,0
1,1981,143,21358.02,24.4,31.8,-99,-99,0.4
1,1981,144,18562.05,23.6,32,-99,-99,43
1,1981,145,15263.73,21.4,27.2,-99,-99,6.4
1,1981,146,15804.38,23.2,31,-99,-99,2.1
1,1981,147,18980.02,23.8,30.6,-99,-99,0
1,1981,148,15529.89,24.2,32.6,-99,-99,19.2
1,1981,149,14610.02,21.6,30.4,-99,-99,3.3
1,1981,150,15928.8,22.4,29.4,-99,-99,12
1,1981,151,10432.02,22.4,29.6,-99,-99,0.2
1,1981,152,14061.28,24.2,30.4,-99,-99,0.4
1,1981,153,10640.77,23.4,30,-99,-99,0
1,1981,154,13305.99,22.8,32.2,-99,-99,0.1
1,1981,155,19522.7,23.8,32.6,-99,-99,0
1,1981,156,20650.67,23.8,33.4,-99,-99,0
1,1981,157,19776.4,23.8,34.2,-99,-99,20.5
1,1981,158,14328.8,22.4,29.6,-99,-99,6.3
1,1981,159,15142.19,22.6,31.8,-99,-99,1.8
1,1981,160,14476.81,22.6,29.4,-99,-99,0
1,1981,161,20378.89,23.2,34.6,-99,-99,0
1,1981,162,14476.81,23.4,31,-99,-99,0
1,1981,163,15263.73,24.4,30.2,-99,-99,0
1,1981,164,13933.14,21.8,29.8,-99,-99,0
1,1981,165,15804.38,23,32,-99,-99,0
1,1981,166,18384.21,22,32,-99,-99,0
1,1981,167,15804.38,22.6,32.6,-99,-99,51.4
1,1981,168,17384.11,20.8,32,-99,-99,3.8
1,1981,169,10880.83,22.4,27,-99,-99,0.8
1,1981,170,15674.15,21.6,30.8,-99,-99,7.3
1,1981,171,14189.42,22.6,31,-99,-99,0.6
1,1981,172,18099.72,22.2,32.2,-99,-99,0
1,1981,173,15142.19,21.4,32.6,-99,-99,0
1,1981,174,12533.7,24,33.2,-99,-99,0
1,1981,175,11758.93,23.2,31,-99,-99,0
1,1981,176,15142.19,22,31.4,-99,-99,0
1,1981,177,18562.05,21.6,29.6,-99,-99,0
1,1981,178,14476.81,21.4,33.4,-99,-99,0
1,1981,179,10919.67,22.4,32.2,-99,-99,0
1,1981,180,12533.7,23.2,31,-99,-99,0
1,1981,181,15263.73,23,30.6,-99,-99,0
1,1981,182,12142.26,23.2,31.4,-99,-99,1.5
1,1981,183,10281.97,21.8,31,-99,-99,0.1
1,1981,184,12320.52,22.8,30.8,-99,-99,0.1
1,1981,185,16969.98,23,30.4,-99,-99,0
1,1981,186,11395.51,22.4,31.2,-99,-99,0
1,1981,187,16448.11,22,31.6,-99,-99,0
1,1981,188,16448.11,22.4,31.8,-99,-99,0
1,1981,189,16165.71,22.6,33.4,-99,-99,0
1,1981,190,15012.12,23.2,32.6,-99,-99,0
1,1981,191,17777.77,22.4,31.4,-99,-99,0
1,1981,192,18384.21,22.6,33,-99,-99,0.9
1,1981,193,12142.26,22.4,31.4,-99,-99,0
1,1981,194,20240.86,21.8,32.2,-99,-99,0
1,1981,195,18843.94,21.6,31.6,-99,-99,0
1,1981,196,13193.01,22.2,31.8,-99,-99,0
1,1981,197,17650.02,21.8,32,-99,-99,0
1,1981,198,10572.63,21.6,29.6,-99,-99,0.7
1,1981,199,10640.77,20.8,32.4,-99,-99,0
1,1981,200,15529.89,22,33.4,-99,-99,0
1,1981,201,18384.21,23,33,-99,-99,0
1,1981,202,19888.07,21.4,35,-99,-99,0
1,1981,203,23323.36,19.6,33,-99,-99,0
1,1981,204,20900.92,22,34.6,-99,-99,0
1,1981,205,18562.05,23.2,34.8,-99,-99,0
1,1981,206,20900.92,24,34.6,-99,-99,0
1,1981,207,20128.75,24.6,34.8,-99,-99,0
1,1981,208,20378.89,25.2,34.2,-99,-99,0
1,1981,209,21161.62,22.8,34.2,-99,-99,0
1,1981,210,19651.07,22,34.6,-99,-99,0
1,1981,211,18980.02,23.8,34.6,-99,-99,0
1,1981,212,19651.07,25.4,34.8,-99,-99,0
1,1981,213,14886.1,25.2,35.4,-99,-99,0
1,1981,214,21459.19,25,35.2,-99,-99,0
1,1981,215,16837.09,23.6,36,-99,-99,0
1,1981,216,11996.49,22.2,35,-99,-99,0
1,1981,217,19776.4,24.8,37,-99,-99,0
1,1981,218,20650.67,24.6,36.4,-99,-99,0
1,1981,219,15389.84,24.6,31.8,-99,-99,0.8
1,1981,220,12142.26,23.4,32.6,-99,-99,4.6
1,1981,221,20014.06,22.6,32.8,-99,-99,0
1,1981,222,10244.21,22.2,36.2,-99,-99,0
1,1981,223,13079.54,23.2,35.2,-99,-99,3.8
1,1981,224,16165.71,23.4,31.6,-99,-99,0.2
1,1981,225,17777.77,22,33.6,-99,-99,0.1
1,1981,226,17384.11,20.4,34,-99,-99,0
1,1981,227,21242.82,20.4,35.2,-99,-99,0
1,1981,228,14061.28,22.4,35.94,-99,-99,29.2
1,1981,229,20240.86,21.4,36.35,-99,-99,0.2
1,1981,230,12425.89,22.2,34.2,-99,-99,0
1,1981,231,21843.74,23,34.4,-99,-99,0
1,1981,232,19776.4,23,35,-99,-99,0
1,1981,233,18562.05,21.8,37,-99,-99,0
1,1981,234,16693.81,22.4,32,-99,-99,1.2
1,1981,235,16165.71,23.4,32,-99,-99,9
1,1981,236,18980.02,20.4,32.4,-99,-99,22.7
1,1981,237,16969.98,20.4,29.6,-99,-99,0
1,1981,238,16969.98,21.4,33.4,-99,-99,0
1,1981,239,22122.54,23.2,34,-99,-99,1.6
1,1981,240,20128.75,21.8,34.2,-99,-99,0
1,1981,241,12425.89,21.8,31.2,-99,-99,1.6
1,1981,242,12320.52,22,34,-99,-99,0
1,1981,243,12142.26,22.6,29.4,-99,-99,2.3
1,1981,244,22494.92,22.2,29.6,-99,-99,0
1,1981,245,22678.73,21.2,32.4,-99,-99,0
1,1981,246,19238.14,23.4,33.2,-99,-99,0
1,1981,247,20650.67,22.2,31,-99,-99,0
1,1981,248,16837.09,23.2,34.6,-99,-99,0
1,1981,249,22494.92,23,34,-99,-99,2.3
1,1981,250,20014.06,23.2,31.8,-99,-99,2.7
1,1981,251,21927.88,22,34.2,-99,-99,0
1,1981,252,23158.91,21.4,33.4,-99,-99,0
1,1981,253,14886.1,21,33.4,-99,-99,0
1,1981,254,16969.98,23.8,30.2,-99,-99,0
1,1981,255,22678.73,21.4,34.8,-99,-99,0.9
1,1981,256,21459.19,23,32.6,-99,-99,0.2
1,1981,257,16837.09,23,34.2,-99,-99,0.8
1,1981,258,22309.52,21.6,30.8,-99,-99,0
1,1981,259,10760.8,22.2,36,-99,-99,0
1,1981,260,22309.52,22.6,34.4,-99,-99,0
1,1981,261,18980.02,21.8,36.2,-99,-99,0
1,1981,262,19522.7,23,32.8,-99,-99,0
1,1981,263,19114.05,22.4,36,-99,-99,0
1,1981,264,24080.95,21,35.03,-99,-99,0
1,1981,265,22309.52,21,38.2,-99,-99,0
1,1981,266,20783.6,23.2,38.2,-99,-99,0
1,1981,267,22494.92,24,37.4,-99,-99,0
1,1981,268,23225.25,24.6,37.6,-99,-99,0
1,1981,269,23274.31,22.4,38.2,-99,-99,0
1,1981,270,21927.88,21.6,37.2,-99,-99,0
1,1981,271,21843.74,23.8,37,-99,-99,0
1,1981,272,15012.12,24.8,38,-99,-99,0
1,1981,273,22309.52,23.2,37.4,-99,-99,0.5
1,1981,274,20128.75,22.4,34.2,-99,-99,0
1,1981,275,21242.82,22.8,34.6,-99,-99,0
1,1981,276,15804.38,22,32,-99,-99,11.5
1,1981,277,22678.73,19.8,30,-99,-99,4.3
1,1981,278,19651.07,22.8,34,-99,-99,0
1,1981,279,18099.72,23,35.4,-99,-99,3.4
1,1981,280,21045.67,21.2,33.8,-99,-99,0
1,1981,281,11075.01,23,30.6,-99,-99,22.1
1,1981,282,21358.02,22.4,33,-99,-99,3.9
1,1981,283,18700.04,21.8,30.6,-99,-99,0
1,1981,284,22309.52,24,30.4,-99,-99,0.7
1,1981,285,11465.92,23.8,32.6,-99,-99,0
1,1981,286,13079.54,23.2,33.2,-99,-99,0.5
1,1981,287,20650.67,22.2,31.2,-99,-99,48.3
1,1981,288,22494.92,21.4,30.2,-99,-99,59.1
1,1981,289,22220.49,22.4,29.4,-99,-99,4.7
1,1981,290,23569.13,23.6,30.4,-99,-99,0
1,1981,291,22859.82,23,32,-99,-99,0
1,1981,292,24032.43,23.6,32.8,-99,-99,0
1,1981,293,20378.89,23,32.8,-99,-99,0
1,1981,294,21759.59,22.4,33.59,-99,-99,4.7
1,1981,295,22578.04,23,31.6,-99,-99,43.9
1,1981,296,18099.72,21.6,31.4,-99,-99,37.1
1,1981,297,22779.42,21.6,29,-99,-99,1.1
1,1981,298,22122.54,22.8,33.6,-99,-99,1.7
1,1981,299,22309.52,22,32,-99,-99,0.2
1,1981,300,21759.59,24,31.6,-99,-99,0.4
1,1981,301,22398.56,23,30.2,-99,-99,0.5
1,1981,302,19385.7,23.2,31.8,-99,-99,2.1
1,1981,303,17098.03,22.6,27.8,-99,-99,13
1,1981,304,16837.09,22.01,32.6,-99,-99,0
1,1981,305,14476.81,23,30.2,-99,-99,0
1,1981,306,11395.51,22.6,29.53,-99,-99,0
1,1981,307,11838.12,23,32,-99,-99,0
1,1981,308,13542.82,21,29,-99,-99,8.6
1,1981,309,22678.73,23,30.4,-99,-99,0
1,1981,310,23158.91,23.2,32.8,-99,-99,1.1
1,1981,311,15928.8,24,32.2,-99,-99,32.6
1,1981,312,12215.15,22.2,30.8,-99,-99,2.9
1,1981,313,19776.4,22.8,31.2,-99,-99,0
1,1981,314,16969.98,23.2,31.6,-99,-99,1.4
1,1981,315,10760.8,23,32.6,-99,-99,2
1,1981,316,15928.8,22.4,30.4,-99,-99,1.3
1,1981,317,14189.42,23,31.6,-99,-99,0
1,1981,318,12069.38,23.4,30,-99,-99,0
1,1981,319,12648.94,23,31.8,-99,-99,19.2
1,1981,320,19888.07,21.4,29.8,-99,-99,0
1,1981,321,20240.86,23.8,31.4,-99,-99,2.5
1,1981,322,11917.3,23.4,31.8,-99,-99,0.1
1,1981,323,18700.04,24.4,32,-99,-99,10.4
1,1981,324,10680.78,21.6,30.4,-99,-99,39.9
1,1981,325,16042.76,21.6,27.6,-99,-99,6.5
1,1981,326,16969.98,22.6,27.4,-99,-99,8.6
1,1981,327,17650.02,22,30.6,-99,-99,0
1,1981,328,23009.44,22.4,29.2,-99,-99,1.1
1,1981,329,21459.19,22,29.4,-99,-99,0
1,1981,330,22020.25,23.2,32.2,-99,-99,0
1,1981,331,12648.94,23.2,30.6,-99,-99,6.2
1,1981,332,16969.98,21.8,30,-99,-99,0
1,1981,333,17517.26,23.2,30.4,-99,-99,7.9
1,1981,334,17517.26,21.8,30.2,-99,-99,0
1,1981,335,19385.7,22.6,31.6,-99,-99,0
1,1981,336,13810.13,22.6,30,-99,-99,4.5
1,1981,337,23084.18,22.8,32,-99,-99,0
1,1981,338,22220.49,23.6,30.2,-99,-99,0.3
1,1981,339,20515.06,23.4,29.4,-99,-99,1.7
1,1981,340,16165.71,22.4,27.8,-99,-99,1.4
1,1981,341,11758.93,23.4,31,-99,-99,2.7
1,1981,342,21665,22.4,32.4,-99,-99,0
1,1981,343,21927.88,22.8,32,-99,-99,0
1,1981,344,20783.6,23,30,-99,-99,0
1,1981,345,21459.19,22.6,33,-99,-99,9.6
1,1981,346,20515.06,21.6,30,-99,-99,0
1,1981,347,19522.7,23.8,30.6,-99,-99,0.2
1,1981,348,15804.38,23.4,32.6,-99,-99,0
1,1981,349,20900.92,24.2,31.6,-99,-99,0
1,1981,350,19238.14,23.4,32.2,-99,-99,0
1,1981,351,21161.62,23.8,31.8,-99,-99,0
1,1981,352,17384.11,23.8,32.4,-99,-99,0
1,1981,353,15804.38,23.2,32,-99,-99,0.9
1,1981,354,20128.75,24,32,-99,-99,1.2
1,1981,355,13933.14,23.8,28.8,-99,-99,1.4
1,1981,356,15928.8,23.2,32,-99,-99,0
1,1981,357,18700.04,23.2,30.2,-99,-99,0
1,1981,358,20240.86,23.2,32.6,-99,-99,0
1,1981,359,18562.05,23.2,32.6,-99,-99,0
1,1981,360,20240.86,22.6,32.2,-99,-99,0.1
1,1981,361,19522.7,23.4,32.79,-99,-99,0
1,1981,362,21161.62,23.6,33.2,-99,-99,0
1,1981,363,21045.67,23.6,27.8,-99,-99,0
1,1981,364,19522.7,23.4,32.2,-99,-99,0.2
1,1981,365,18843.94,22.6,32,-99,-99,0
