-75,3.91,415,0,0
1,2007,1,20691.29,23,33,-99,-99,0
1,2007,2,22270.51,23.4,33,-99,-99,0
1,2007,3,21766.92,23,34.8,-99,-99,0
1,2007,4,22568.57,21,35.2,-99,-99,0
1,2007,5,22197.13,22.8,34.8,-99,-99,0
1,2007,6,20126.56,23,33.6,-99,-99,0
1,2007,7,20539.28,24,33,-99,-99,0
1,2007,8,16893.2,23,33,-99,-99,0
1,2007,9,15731.73,23,34,-99,-99,0
1,2007,10,19818.84,24,31.8,-99,-99,0
1,2007,11,22995.83,24,35,-99,-99,0
1,2007,12,15919.5,24.4,34.2,-99,-99,0
1,2007,13,21208.16,23.6,35,-99,-99,0
1,2007,14,12268.09,23,31,-99,-99,0
1,2007,15,20999.32,23.8,35,-99,-99,0
1,2007,16,20631.12,23,35.4,-99,-99,0
1,2007,17,16820.73,23.6,34.2,-99,-99,0
1,2007,18,14723.97,23.2,32.6,-99,-99,30.3
1,2007,19,11692.79,22,30,-99,-99,0
1,2007,20,14635.03,22.8,31,-99,-99,0
1,2007,21,22244.67,23,33,-99,-99,0
1,2007,22,18146.09,22.8,32.8,-99,-99,50.4
1,2007,23,20310.21,22,32.2,-99,-99,0
1,2007,24,23817.91,23,34.2,-99,-99,0
1,2007,25,17026.99,23,31,-99,-99,0
1,2007,26,10216.03,23,29.6,-99,-99,0
1,2007,27,20036.82,23,31.6,-99,-99,0
1,2007,28,19127.97,23,33,-99,-99,0
1,2007,29,21314.64,23.2,33.4,-99,-99,0
1,2007,30,19865.63,23.6,35.2,-99,-99,0
1,2007,31,21114.57,24,35,-99,-99,0
1,2007,32,22367.43,23,33.8,-99,-99,7
1,2007,33,21455.62,22.8,34.2,-99,-99,0
1,2007,34,22984.37,22,33.6,-99,-99,0
1,2007,35,22342.5,22,34.8,-99,-99,0
1,2007,36,23196.33,22.4,34,-99,-99,0
1,2007,37,22961.66,22.6,34.2,-99,-99,0
1,2007,38,21633.41,22.6,34.6,-99,-99,0
1,2007,39,23720.59,22.8,35.2,-99,-99,0
1,2007,40,20060.07,24,35.4,-99,-99,0
1,2007,41,22973.77,24.6,34.6,-99,-99,28.5
1,2007,42,21086.76,21,32.4,-99,-99,0
1,2007,43,23872.26,23.6,34.2,-99,-99,0
1,2007,44,19775.43,25,34.8,-99,-99,0
1,2007,45,21048.27,25.2,34.4,-99,-99,0
1,2007,46,20804.15,22.6,34.6,-99,-99,0
1,2007,47,24156.69,23,35.2,-99,-99,0
1,2007,48,23915.07,24.2,34.4,-99,-99,0
1,2007,49,24365.89,22.8,33.8,-99,-99,0
1,2007,50,17037.18,24,30.49,-99,-99,0
1,2007,51,22347.7,21.8,34.2,-99,-99,0
1,2007,52,24885.3,22.6,35.6,-99,-99,0
1,2007,53,22966.03,22.6,35,-99,-99,0
1,2007,54,22856.33,23.2,36.4,-99,-99,0
1,2007,55,19530.92,21.4,36,-99,-99,0
1,2007,56,13818.71,24.8,34.8,-99,-99,0
1,2007,57,16497.78,24.6,35,-99,-99,0
1,2007,58,22266.48,23.2,33.4,-99,-99,0
1,2007,59,22010.79,23.8,39.5,-99,-99,0
1,2007,60,23299.02,23.6,33.4,-99,-99,0
1,2007,61,23182.54,23.2,33.6,-99,-99,0
1,2007,62,23909.24,24.6,33,-99,-99,0
1,2007,63,11537.56,22.6,30,-99,-99,0
1,2007,64,14650.58,23.4,33.8,-99,-99,0
1,2007,65,15651.76,23.6,35.4,-99,-99,5
1,2007,66,18347.41,22,34,-99,-99,0
1,2007,67,16384.84,25,33.6,-99,-99,0
1,2007,68,15549.68,24.8,34.6,-99,-99,11
1,2007,69,12309.1,21.8,30.8,-99,-99,0
1,2007,70,24342.75,23.6,35.6,-99,-99,0
1,2007,71,16006.56,25.6,33.8,-99,-99,1.8
1,2007,72,15591.22,23.8,37.05,-99,-99,3.5
1,2007,73,19990.09,21.4,30.6,-99,-99,0
1,2007,74,18106.66,23.6,34,-99,-99,65
1,2007,75,12048.23,21,34,-99,-99,0
1,2007,76,17891.1,24.6,31,-99,-99,4.2
1,2007,77,15746.09,23.6,34.6,-99,-99,0
1,2007,78,16348.64,23.2,31.2,-99,-99,0
1,2007,79,17396.69,23.2,32,-99,-99,0
1,2007,80,14196.92,23,35,-99,-99,0
1,2007,81,10204.99,24.8,31.4,-99,-99,21.5
1,2007,82,13709.92,22.6,31.6,-99,-99,25.2
1,2007,83,13863.44,21.6,33.2,-99,-99,24.5
1,2007,84,10175.34,22,27.4,-99,-99,0
1,2007,85,17570.85,23.2,31.6,-99,-99,0
1,2007,86,13657.24,24.6,31.8,-99,-99,0
1,2007,87,12232.42,23.2,30.6,-99,-99,13.5
1,2007,88,15339.93,22,30.2,-99,-99,0
1,2007,89,12850.78,22,35,-99,-99,0
1,2007,90,21744.19,22.2,32.6,-99,-99,0
1,2007,91,22921.48,23.6,31.8,-99,-99,0
1,2007,92,13011.62,22.8,32.4,-99,-99,0
1,2007,93,19171.25,23.8,33,-99,-99,50
1,2007,94,15016,22,31.1,-99,-99,8
1,2007,95,16257.85,21.6,30.4,-99,-99,10.6
1,2007,96,16019.85,22.4,31.97,-99,-99,0
1,2007,97,16348.64,22.6,31.8,-99,-99,0
1,2007,98,10961.1,22.8,32,-99,-99,10
1,2007,99,19171.25,21.8,32.77,-99,-99,0
1,2007,100,18846.43,22.8,32,-99,-99,40
1,2007,101,23396.36,21.2,32.4,-99,-99,0
1,2007,102,23610.2,23.6,33.6,-99,-99,3
1,2007,103,17719.24,23,32,-99,-99,0
1,2007,104,17980.65,23.6,33,-99,-99,0
1,2007,105,21446.16,24,34,-99,-99,19
1,2007,106,12514.2,21.6,30.8,-99,-99,0
1,2007,107,14447.45,23.4,33,-99,-99,0
1,2007,108,21234.33,24.2,32.8,-99,-99,10.8
1,2007,109,18574.53,22,30.4,-99,-99,7
1,2007,110,17444.35,21.8,30.8,-99,-99,50
1,2007,111,17837.62,21,31.6,-99,-99,20.9
1,2007,112,10773.76,20.8,29,-99,-99,0
1,2007,113,16413.38,21.6,28,-99,-99,0
1,2007,114,18456.85,23,31.6,-99,-99,40.3
1,2007,115,19943.94,21.6,31.2,-99,-99,8
1,2007,116,14014.9,21,30.2,-99,-99,5
1,2007,117,18655.12,22,30.8,-99,-99,4
1,2007,118,16166.03,23,31.2,-99,-99,5.3
1,2007,119,16962.85,22,32.4,-99,-99,0
1,2007,120,19802.6,23,33.6,-99,-99,0
1,2007,121,20181.97,23.8,34,-99,-99,0
1,2007,122,15937.66,22.4,32,-99,-99,0
1,2007,123,17407.3,23,31.2,-99,-99,0
1,2007,124,23479.04,24.6,33.2,-99,-99,0
1,2007,125,14243.97,22.34,34.2,-99,-99,0
1,2007,126,19895.48,23.2,33,-99,-99,5
1,2007,127,18786.48,22.8,32.8,-99,-99,35.7
1,2007,128,14584.9,22.8,32,-99,-99,8
1,2007,129,15638.39,22.8,32,-99,-99,9
1,2007,130,22323.61,21.6,31.6,-99,-99,2
1,2007,131,16261.48,22.8,34.8,-99,-99,0
1,2007,132,16103.44,23.6,33.4,-99,-99,0
1,2007,133,17948.72,22.8,33.8,-99,-99,0
1,2007,134,16855.5,24,33.6,-99,-99,0
1,2007,135,18826.93,23.6,33,-99,-99,0
1,2007,136,14281.29,22.8,31.4,-99,-99,0
1,2007,137,22618.9,23,34.6,-99,-99,50.8
1,2007,138,11723.87,21,30,-99,-99,0
1,2007,139,11840.03,23,30,-99,-99,6
1,2007,140,16578,22.8,30.2,-99,-99,7
1,2007,141,14445.3,21.8,29.8,-99,-99,10.1
1,2007,142,17190.82,23,32.6,-99,-99,0
1,2007,143,15195.56,23,31.4,-99,-99,0
1,2007,144,20821.14,24,31.6,-99,-99,30.5
1,2007,145,14894.02,22,30,-99,-99,0
1,2007,146,11863.97,23,28.4,-99,-99,0
1,2007,147,18518.27,23.8,31.4,-99,-99,20
1,2007,148,11444.11,21.4,30,-99,-99,10
1,2007,149,11170.26,21.6,30,-99,-99,0
1,2007,150,19625,22,32,-99,-99,3
1,2007,151,10885.79,21,29.8,-99,-99,0
1,2007,152,15812.97,22,31,-99,-99,70.4
1,2007,153,10733.87,21.6,29.8,-99,-99,6
1,2007,154,12668.7,21.8,29.6,-99,-99,0
1,2007,155,19393.07,22.8,31.6,-99,-99,0
1,2007,156,14586.65,23,30.8,-99,-99,0
1,2007,157,22331.71,22.6,32.2,-99,-99,0
1,2007,158,15724.51,23,31.8,-99,-99,0
1,2007,159,17390.02,23,32.6,-99,-99,0
1,2007,160,18021.8,23.6,31.2,-99,-99,0
1,2007,161,17235.8,23.4,32,-99,-99,0
1,2007,162,11429.2,23.6,31.8,-99,-99,0
1,2007,163,23391.4,22,34,-99,-99,0
1,2007,164,19519.28,22.6,32.8,-99,-99,0
1,2007,165,18095.01,23.6,33.6,-99,-99,0
1,2007,166,14488.79,22.8,31,-99,-99,0
1,2007,167,13840.57,22.8,31.4,-99,-99,0
1,2007,168,14220.6,22.8,31.8,-99,-99,0
1,2007,169,21531.29,23.2,33.2,-99,-99,0
1,2007,170,12415.94,23.8,32.6,-99,-99,0
1,2007,171,18313.68,23,33.6,-99,-99,0
1,2007,172,13308.78,21.8,30.6,-99,-99,0
1,2007,173,10229.52,22.8,28.2,-99,-99,0
1,2007,174,10356.96,22.2,28,-99,-99,0
1,2007,175,16254.88,22.6,31.6,-99,-99,0
1,2007,176,21512.6,23,33,-99,-99,0
1,2007,177,10998.73,22.8,30,-99,-99,0
1,2007,178,13436.88,23,31.6,-99,-99,0
1,2007,179,16646.22,23.8,35,-99,-99,0
1,2007,180,13570.38,21.8,33,-99,-99,0
1,2007,181,17809.65,21,30.6,-99,-99,0
1,2007,182,20640.16,21.8,30.2,-99,-99,0
1,2007,183,18978.03,22,34.8,-99,-99,0
1,2007,184,21941.7,22.8,34.8,-99,-99,0
1,2007,185,24277.78,22.6,35,-99,-99,0
1,2007,186,21062.9,21.6,32.6,-99,-99,0
1,2007,187,20688.56,23.4,35.2,-99,-99,0
1,2007,188,17480.92,23.6,31.4,-99,-99,0
1,2007,189,19296.67,21.6,33.4,-99,-99,60.7
1,2007,190,11828.42,21,30,-99,-99,0
1,2007,191,16225.81,23,32.6,-99,-99,0
1,2007,192,23602.58,23.8,33.8,-99,-99,0
1,2007,193,17156.3,23,34.6,-99,-99,0
1,2007,194,22218.55,24,34.2,-99,-99,0
1,2007,195,20942.88,23,33,-99,-99,2
1,2007,196,15385.9,21.8,31.8,-99,-99,20.3
1,2007,197,18645.75,21.8,32.6,-99,-99,0
1,2007,198,18924.07,22,31,-99,-99,1
1,2007,199,22716.23,21.8,31,-99,-99,0
1,2007,200,12060.23,23.8,32.8,-99,-99,5
1,2007,201,15593.41,22,30,-99,-99,0
1,2007,202,12085.42,23,30,-99,-99,0
1,2007,203,19418.48,23.8,32.4,-99,-99,0
1,2007,204,18394,21.8,31.8,-99,-99,10.8
1,2007,205,20250.31,21.6,31.8,-99,-99,0
1,2007,206,14370.1,23.2,29.8,-99,-99,0
1,2007,207,24372.81,23,34,-99,-99,10.9
1,2007,208,21903.88,22,34.8,-99,-99,0
1,2007,209,22985.72,22,34.2,-99,-99,0
1,2007,210,23147.36,23,32.6,-99,-99,0
1,2007,211,22384.95,21,34.2,-99,-99,0
1,2007,212,14079.58,21,33.69,-99,-99,0
1,2007,213,15157.35,21.6,35,-99,-99,0
1,2007,214,22739.49,23,35.4,-99,-99,0
1,2007,215,16259.47,22.8,33.2,-99,-99,0
1,2007,216,17478.31,23,35,-99,-99,0
1,2007,217,13903.52,21.35,34.6,-99,-99,0
1,2007,218,16590.44,23,34.8,-99,-99,0
1,2007,219,16077.69,23.6,34,-99,-99,0
1,2007,220,13421.93,22.8,33,-99,-99,0
1,2007,221,20006.83,22.4,33.8,-99,-99,0
1,2007,222,18019.99,22,35,-99,-99,0
1,2007,223,16430.48,23,34.2,-99,-99,0
1,2007,224,15509.29,23,34.6,-99,-99,0
1,2007,225,19843.04,22.8,34.8,-99,-99,0
1,2007,226,14738.43,22.8,33.2,-99,-99,10.6
1,2007,227,14351.01,23.4,31.8,-99,-99,0
1,2007,228,19377.81,22.8,32.8,-99,-99,0
1,2007,229,19401.96,21.8,34.2,-99,-99,0
1,2007,230,22276.81,23.8,35,-99,-99,0
1,2007,231,21896.33,22.8,34.2,-99,-99,2
1,2007,232,17158.23,22.6,34.6,-99,-99,0
1,2007,233,19222.51,23,33.6,-99,-99,0
1,2007,234,21155.2,23,35,-99,-99,0
1,2007,235,17899.35,22.6,33.8,-99,-99,0
1,2007,236,23118.01,24,35.4,-99,-99,20.3
1,2007,237,12046.81,21,27,-99,-99,3
1,2007,238,13292.51,22,30.6,-99,-99,0
1,2007,239,17973.54,22.8,31,-99,-99,0
1,2007,240,22389.74,23,33.6,-99,-99,0
1,2007,241,18833.14,23,33.2,-99,-99,0
1,2007,242,15681.49,22,32.8,-99,-99,0
1,2007,243,23141.45,21.8,36.2,-99,-99,0
1,2007,244,18743.94,23.2,34.8,-99,-99,0
1,2007,245,23594.86,22.8,33.2,-99,-99,0
1,2007,246,12410.96,23,31.2,-99,-99,0
1,2007,247,20074.41,21.8,33.6,-99,-99,0
1,2007,248,18106.13,21,35.2,-99,-99,0
1,2007,249,21167.75,23,31.6,-99,-99,0
1,2007,250,22984.45,23.2,36,-99,-99,0
1,2007,251,21331.47,23,31.8,-99,-99,0
1,2007,252,13283.62,24,31.6,-99,-99,0
1,2007,253,23021.31,23.6,33.6,-99,-99,0
1,2007,254,13710.71,22.2,32,-99,-99,0
1,2007,255,21219.67,22,35.4,-99,-99,0
1,2007,256,14007.13,21.8,35,-99,-99,0
1,2007,257,19171.25,23,34.6,-99,-99,0
1,2007,258,11516.62,22.6,33.4,-99,-99,0
1,2007,259,18809.75,22.8,32.8,-99,-99,0
1,2007,260,23561.82,22,35.6,-99,-99,0
1,2007,261,22444.65,23.2,36,-99,-99,0
1,2007,262,17756.09,24,36,-99,-99,0
1,2007,263,21488.15,23,37,-99,-99,0
1,2007,264,22367.97,23.8,36.8,-99,-99,0
1,2007,265,23675.4,22.8,36.6,-99,-99,0
1,2007,266,13959.75,23.8,33.6,-99,-99,0
1,2007,267,20074.41,23.6,34.6,-99,-99,0
1,2007,268,15016,23.6,35.6,-99,-99,0
1,2007,269,21186.86,23.6,36,-99,-99,0
1,2007,270,23945.59,24,37,-99,-99,40.5
1,2007,271,22658.32,21.8,36.4,-99,-99,0
1,2007,272,13554.94,23.6,36.6,-99,-99,0
1,2007,273,23255.42,23.6,36.4,-99,-99,0
1,2007,274,12779.05,23.8,36.8,-99,-99,0
1,2007,275,23092.81,23.8,37.8,-99,-99,0
1,2007,276,21996.25,23,37,-99,-99,0
1,2007,277,21615.1,23.8,36,-99,-99,0
1,2007,278,16544.48,22.2,36,-99,-99,0
1,2007,279,18312.46,22.6,37.4,-99,-99,40.8
1,2007,280,13657.24,21.8,36.4,-99,-99,0
1,2007,281,19990.85,23,33.6,-99,-99,70.4
1,2007,282,11383.47,21.6,33.8,-99,-99,0
1,2007,283,23502.7,21.8,32.2,-99,-99,4
1,2007,284,13709.92,20.8,32,-99,-99,0
1,2007,285,14968.31,22.8,32,-99,-99,0
1,2007,286,17675.01,23,33.2,-99,-99,0
1,2007,287,15244.78,22.8,34,-99,-99,70.3
1,2007,288,21231.21,21,34.8,-99,-99,20.8
1,2007,289,17207.57,21,32.6,-99,-99,0
1,2007,290,16222.82,23,32,-99,-99,4
1,2007,291,18130.35,22.8,34.6,-99,-99,5
1,2007,292,18245.7,22.8,31.2,-99,-99,40.6
1,2007,293,16711.93,21.2,32.8,-99,-99,0
1,2007,294,18885.7,23,33,-99,-99,10.3
1,2007,295,18313.03,21.6,34,-99,-99,0
1,2007,296,17878.12,23.8,33.2,-99,-99,0
1,2007,297,17717.26,23,34.6,-99,-99,8
1,2007,298,17283.28,21.2,30,-99,-99,0
1,2007,299,19168.69,23,31,-99,-99,0
1,2007,300,22002.61,23,33,-99,-99,3
1,2007,301,19659.11,21.8,32,-99,-99,10.1
1,2007,302,19495.27,21.8,31.8,-99,-99,20.2
1,2007,303,14717.83,21.8,32.2,-99,-99,0
1,2007,304,18490.46,22,31.6,-99,-99,0
1,2007,305,19140.11,22.8,31.6,-99,-99,0
1,2007,306,18436.25,22.8,32.6,-99,-99,0
1,2007,307,13815.29,23.6,32.2,-99,-99,0
1,2007,308,15281.43,23.6,31,-99,-99,0
1,2007,309,21046.84,24,33.2,-99,-99,0
1,2007,310,20478.25,23.4,32.6,-99,-99,30.8
1,2007,311,16823.38,20.8,31.2,-99,-99,50.2
1,2007,312,16664.25,21,30,-99,-99,3
1,2007,313,10480.56,22.2,29.2,-99,-99,10.3
1,2007,314,19155.41,22.8,31,-99,-99,2
1,2007,315,18593.48,21.8,31.2,-99,-99,0
1,2007,316,12565.69,22,30,-99,-99,10.3
1,2007,317,19205.94,24,31.4,-99,-99,4
1,2007,318,20641.84,22.2,31.2,-99,-99,9
1,2007,319,20347.47,23,32,-99,-99,0
1,2007,320,10635.1,21.8,29.8,-99,-99,0
1,2007,321,12872.2,23,30,-99,-99,0
1,2007,322,17485.97,22.8,31.6,-99,-99,0
1,2007,323,21956.6,23,35,-99,-99,0
1,2007,324,23512.66,21.8,31.8,-99,-99,0
1,2007,325,18472.75,23,33.6,-99,-99,0
1,2007,326,19108.39,22,32.4,-99,-99,14.7
1,2007,327,15664.81,22.2,30.4,-99,-99,9.2
1,2007,328,16434.61,23,30.6,-99,-99,0
1,2007,329,21666.65,23.6,32,-99,-99,0
1,2007,330,21642.86,23.8,32.8,-99,-99,0
1,2007,331,22667.95,23,33,-99,-99,0
1,2007,332,16257.85,24,32.4,-99,-99,0
1,2007,333,13249.59,23.6,31.4,-99,-99,3
1,2007,334,12161.97,24,32.6,-99,-99,0
1,2007,335,9918.79,23.8,32,-99,-99,0
1,2007,336,13431.23,23,31.6,-99,-99,0
1,2007,337,20327.33,24,31.8,-99,-99,0
1,2007,338,19139.43,23,32,-99,-99,0
1,2007,339,19776.14,22.8,31.6,-99,-99,0
1,2007,340,21843.65,23.2,33,-99,-99,0
1,2007,341,20140.04,22,32.4,-99,-99,0
1,2007,342,21427.42,23.2,32.6,-99,-99,0
1,2007,343,16092.09,24.2,32.6,-99,-99,21
1,2007,344,13228.72,22.2,29.4,-99,-99,0
1,2007,345,14130.99,23.2,30.4,-99,-99,0
1,2007,346,19832.1,23.2,31.7,-99,-99,0
1,2007,347,15546.94,23.4,31.4,-99,-99,4
1,2007,348,17616.62,22.8,31.4,-99,-99,15.5
1,2007,349,17871.94,22,30,-99,-99,0
1,2007,350,21367.66,23.2,31.8,-99,-99,0
1,2007,351,16053.09,23,32,-99,-99,0
1,2007,352,20716.46,22.4,28.7,-99,-99,4.56
1,2007,353,14497.47,22.4,32,-99,-99,0
1,2007,354,20329.04,22.6,31.8,-99,-99,0
1,2007,355,19165.09,22.8,32.4,-99,-99,0
1,2007,356,15668.92,23.2,30.6,-99,-99,10.6
1,2007,357,11783.37,21.6,30.6,-99,-99,0
1,2007,358,17362.68,23.6,31.8,-99,-99,5
1,2007,359,17627.99,21.8,31,-99,-99,40
1,2007,360,15558.71,21.6,30.2,-99,-99,40.2
1,2007,361,15955.2,21.8,30,-99,-99,0
1,2007,362,16223.03,23,31.2,-99,-99,0
1,2007,363,22599.69,23,34.6,-99,-99,4
1,2007,364,20532.93,22.8,33,-99,-99,0
1,2007,365,21066.89,23.6,31.8,-99,-99,0
