-75,3.91,415,0,0
1,1995,1,13400.3,23.82,35,-99,-99,0
1,1995,2,19534.4,22,33,-99,-99,0
1,1995,3,21245.36,21,34,-99,-99,0
1,1995,4,20872.09,22,32.8,-99,-99,0
1,1995,5,22719.57,21.6,34,-99,-99,0
1,1995,6,22348.96,21.8,33.4,-99,-99,0
1,1995,7,23156.35,22.6,35,-99,-99,0
1,1995,8,18072.06,21,33.2,-99,-99,0
1,1995,9,23729.97,21,32.8,-99,-99,0
1,1995,10,15618.53,20.8,33.8,-99,-99,0
1,1995,11,22601.61,21.8,34.2,-99,-99,0
1,1995,12,21971.08,22.6,33,-99,-99,3
1,1995,13,13173.75,20,31,-99,-99,0
1,1995,14,24004.7,21.6,34.2,-99,-99,0
1,1995,15,12681.01,22.05,34.63,-99,-99,44.3
1,1995,16,12566.56,19,31.2,-99,-99,0
1,1995,17,23704.45,21.8,34,-99,-99,0
1,1995,18,20954.11,20.6,35,-99,-99,0
1,1995,19,21648.06,21.8,33.4,-99,-99,0
1,1995,20,20084.8,22.6,32.6,-99,-99,0
1,1995,21,16654.1,20,31,-99,-99,0
1,1995,22,20412.18,20,33.6,-99,-99,0
1,1995,23,22980.07,22.8,32.4,-99,-99,0
1,1995,24,12186.94,21,33,-99,-99,30.5
1,1995,25,23453.61,21,33.4,-99,-99,5.3
1,1995,26,21881.74,20,34.2,-99,-99,0
1,1995,27,20036.82,21,33.4,-99,-99,0
1,1995,28,20741.92,22.8,34,-99,-99,0
1,1995,29,18620.61,23,34,-99,-99,0
1,1995,30,20000.53,21.8,33.6,-99,-99,0
1,1995,31,19628.29,21.8,33,-99,-99,0
1,1995,32,19390.27,20.8,34.2,-99,-99,0
1,1995,33,15492.08,20,33.2,-99,-99,0.2
1,1995,34,18504.8,21.8,35.43,-99,-99,0
1,1995,35,19351.51,22.6,34.2,-99,-99,0
1,1995,36,17885.96,23.78,33.71,-99,-99,0
1,1995,37,19825.09,21.6,31.6,-99,-99,0
1,1995,38,18082.33,22.8,34.2,-99,-99,0
1,1995,39,17291.58,20.8,34,-99,-99,0
1,1995,40,21293,21.8,32.4,-99,-99,0
1,1995,41,20092.62,20,33.6,-99,-99,0
1,1995,42,20674.56,23,34,-99,-99,0
1,1995,43,21670.65,22.6,33.6,-99,-99,0
1,1995,44,15641.46,22.8,32.4,-99,-99,0
1,1995,45,19392.33,20,33.4,-99,-99,0
1,1995,46,19284.08,23.6,33.6,-99,-99,0
1,1995,47,17237.78,19.96,37.5,-99,-99,0
1,1995,48,22113.72,22,33,-99,-99,5.4
1,1995,49,18815.93,21,32.6,-99,-99,0
1,1995,50,20927.19,20.8,33,-99,-99,0
1,1995,51,20817.55,21,33.4,-99,-99,9.5
1,1995,52,22239.03,22,33.6,-99,-99,0
1,1995,53,18224.91,20.8,34.5,-99,-99,0
1,1995,54,17690.82,22.8,34,-99,-99,0
1,1995,55,15198.15,20.6,30,-99,-99,0
1,1995,56,22074.03,21.8,33.4,-99,-99,0
1,1995,57,12015.57,21,31.8,-99,-99,0
1,1995,58,12311.38,21.8,32.2,-99,-99,8
1,1995,59,11344.15,20.6,39.8,-99,-99,0
1,1995,60,20770.33,21,33,-99,-99,0
1,1995,61,13621.11,20.8,31.8,-99,-99,0
1,1995,62,20109.53,22,32.4,-99,-99,0
1,1995,63,14072.76,20,30,-99,-99,0
1,1995,64,18174.4,23,32.8,-99,-99,0.5
1,1995,65,17203.36,20.8,33,-99,-99,3.3
1,1995,66,23287.66,22.6,34.4,-99,-99,1.8
1,1995,67,11300.25,20.6,33.2,-99,-99,6.5
1,1995,68,20637.22,20,30,-99,-99,6
1,1995,69,11036.53,20.6,32.4,-99,-99,0
1,1995,70,14723.19,19.8,29.8,-99,-99,6.5
1,1995,71,20110.8,20,31,-99,-99,0
1,1995,72,24409.67,21.6,34.2,-99,-99,0
1,1995,73,18432.2,21.2,33.4,-99,-99,0
1,1995,74,16174,22.8,32,-99,-99,0
1,1995,75,19723.45,21.6,33,-99,-99,0
1,1995,76,11793.73,20.6,32,-99,-99,0
1,1995,77,15200.29,21.8,30,-99,-99,0
1,1995,78,16055.2,22.8,30,-99,-99,0.8
1,1995,79,14924.79,20,33,-99,-99,30.6
1,1995,80,13226.63,19.8,30,-99,-99,0
1,1995,81,20599.15,21.8,32.6,-99,-99,0
1,1995,82,18899.01,20.8,31.4,-99,-99,10.6
1,1995,83,11530.81,20.6,30,-99,-99,9.5
1,1995,84,13656.17,20.6,31.4,-99,-99,0
1,1995,85,19461.67,21.8,32,-99,-99,0
1,1995,86,19599.81,21,33.2,-99,-99,1.83
1,1995,87,17048.15,24.72,32,-99,-99,6
1,1995,88,15629.34,20,31.4,-99,-99,0
1,1995,89,23156.92,20.8,31.6,-99,-99,2.35
1,1995,90,16608.61,21,30,-99,-99,0
1,1995,91,14342.53,20,30.2,-99,-99,0
1,1995,92,14336.51,24.03,31.2,-99,-99,0
1,1995,93,16586.17,22,32.4,-99,-99,2.2
1,1995,94,19799.42,21.6,33,-99,-99,0
1,1995,95,14877.52,20,32,-99,-99,0
1,1995,96,17119.34,21.6,31.6,-99,-99,0
1,1995,97,22730.08,22.8,34.2,-99,-99,0
1,1995,98,22290.92,20.8,32.6,-99,-99,0
1,1995,99,15818.71,24.4,34.5,-99,-99,0.6
1,1995,100,17347.6,24,34.2,-99,-99,0.4
1,1995,101,21392.76,23.6,34.63,-99,-99,0.3
1,1995,102,16617.37,23.63,35.23,-99,-99,1.7
1,1995,103,22329.28,23.75,35.47,-99,-99,0
1,1995,104,23701.57,24,29.42,-99,-99,0
1,1995,105,13362.92,23.35,32.5,-99,-99,27.6
1,1995,106,14045.33,19.8,31,-99,-99,0
1,1995,107,24456.53,20,34,-99,-99,0
1,1995,108,12210.2,21.6,34,-99,-99,20.8
1,1995,109,20462.34,14.8,32.4,-99,-99,3
1,1995,110,16945.15,20,34.2,-99,-99,50.2
1,1995,111,21252.48,19,30.2,-99,-99,8.4
1,1995,112,13301.75,21,31.2,-99,-99,0
1,1995,113,21677.59,21.6,34.6,-99,-99,0
1,1995,114,16019.85,20,33.4,-99,-99,0
1,1995,115,20906.11,20.8,30.8,-99,-99,0
1,1995,116,17994.95,21,33.4,-99,-99,10.7
1,1995,117,19888.4,21,34,-99,-99,0
1,1995,118,23417.36,22.8,35,-99,-99,10.2
1,1995,119,15733.44,23.2,31.6,-99,-99,0
1,1995,120,16529.38,20,31.6,-99,-99,4
1,1995,121,17730.99,20,32,-99,-99,10.6
1,1995,122,17569,19,31.6,-99,-99,0
1,1995,123,21886.21,20,33.6,-99,-99,0
1,1995,124,14942.36,22.8,31.6,-99,-99,0
1,1995,125,23307.78,22,32.5,-99,-99,10.7
1,1995,126,18950.07,20,32.6,-99,-99,0
1,1995,127,23101.23,21.8,34.6,-99,-99,0
1,1995,128,19969.46,23.8,32.3,-99,-99,30.8
1,1995,129,13219.33,19.6,30,-99,-99,0
1,1995,130,19237.66,20,31.4,-99,-99,0
1,1995,131,18538.66,20.8,33,-99,-99,0
1,1995,132,18376.91,21.8,31,-99,-99,0
1,1995,133,10520.09,20,32.6,-99,-99,3.42
1,1995,134,14292.2,22,33,-99,-99,4.87
1,1995,135,20868.2,21.4,32.4,-99,-99,6.76
1,1995,136,10921.72,20,32.8,-99,-99,3.83
1,1995,137,20793.74,21.45,32.4,-99,-99,4
1,1995,138,11236.32,22,30,-99,-99,3.83
1,1995,139,16587.54,21,30,-99,-99,0.97
1,1995,140,21677.59,21.25,33.73,-99,-99,1.83
1,1995,141,16112.21,22,33.6,-99,-99,4.77
1,1995,142,16436.13,22.6,32.73,-99,-99,4.61
1,1995,143,20793.74,21.8,32.46,-99,-99,8.46
1,1995,144,15292.36,21,31.48,-99,-99,6.05
1,1995,145,20666.77,21.35,32.04,-99,-99,3.55
1,1995,146,19370.49,21,31.6,-99,-99,3.91
1,1995,147,17445.65,20,33.2,-99,-99,1.98
1,1995,148,23071.44,21.6,33.38,-99,-99,8.41
1,1995,149,20825.09,21.6,32.6,-99,-99,2.98
1,1995,150,20698.9,21.67,32.12,-99,-99,0.58
1,1995,151,22658.32,20,32.5,-99,-99,1.22
1,1995,152,14244.56,20.33,33,-99,-99,3.5
1,1995,153,20469.98,22.8,32.6,-99,-99,0
1,1995,154,16257.85,25.2,30.2,-99,-99,0
1,1995,155,13693.15,21.6,32,-99,-99,0
1,1995,156,12904.23,21.2,32.8,-99,-99,10.71
1,1995,157,21168.04,24.4,32,-99,-99,10.9
1,1995,158,18824.85,24,33,-99,-99,0
1,1995,159,13646.93,25.2,30,-99,-99,1.5
1,1995,160,14668.6,22.6,30.6,-99,-99,0
1,1995,161,22519.58,23.6,33.46,-99,-99,0
1,1995,162,23019.64,20,34.2,-99,-99,0
1,1995,163,18886.93,25.4,33,-99,-99,0
1,1995,164,19004.79,24,34,-99,-99,0
1,1995,165,13595.7,24.6,30.4,-99,-99,0
1,1995,166,18985.88,24,33,-99,-99,0
1,1995,167,18977.82,24.2,33.2,-99,-99,53.3
1,1995,168,17430.13,20.2,32,-99,-99,3.6
1,1995,169,13831.02,22,31.2,-99,-99,0
1,1995,170,15751.78,20.11,32,-99,-99,0
1,1995,171,21520.48,23,33,-99,-99,0
1,1995,172,19721.23,20,32.4,-99,-99,0
1,1995,173,16000.02,21.15,33,-99,-99,0
1,1995,174,12280.32,22,32.23,-99,-99,0
1,1995,175,13562.21,22.27,31.4,-99,-99,0
1,1995,176,19076.29,21.8,32.4,-99,-99,0
1,1995,177,15615.32,19.96,31.4,-99,-99,0
1,1995,178,19464.97,20,32.2,-99,-99,0
1,1995,179,19211.87,20,34.2,-99,-99,0
1,1995,180,15623.42,20,31,-99,-99,1.1
1,1995,181,17296.23,20,33.2,-99,-99,0
1,1995,182,21924.15,24.4,35,-99,-99,0
1,1995,183,22189.3,23.2,33,-99,-99,10
1,1995,184,17572.39,22.2,31.6,-99,-99,0
1,1995,185,12051.83,23.6,32,-99,-99,2.7
1,1995,186,18747.28,22.2,34.6,-99,-99,0
1,1995,187,17727.93,23.6,33.2,-99,-99,1.2
1,1995,188,15291.21,22,31.6,-99,-99,0
1,1995,189,21359.01,20.2,34.6,-99,-99,0.2
1,1995,190,19696.94,23.4,33.6,-99,-99,0
1,1995,191,23455.05,20.09,36.6,-99,-99,0
1,1995,192,19080.55,19,35.4,-99,-99,0
1,1995,193,16121.79,20,34.4,-99,-99,0
1,1995,194,16652.99,20,34.2,-99,-99,0
1,1995,195,19388.22,21.45,33.6,-99,-99,0
1,1995,196,16682.74,20,35.4,-99,-99,0
1,1995,197,14102.15,21.6,35.4,-99,-99,0.5
1,1995,198,16584.87,23.6,34.6,-99,-99,0
1,1995,199,15170.51,22.8,32,-99,-99,1
1,1995,200,15055.89,24,34.4,-99,-99,0
1,1995,201,12985.45,20.8,31.2,-99,-99,4.3
1,1995,202,17046.48,20.2,32,-99,-99,0
1,1995,203,21117.76,19.04,34.4,-99,-99,0
1,1995,204,14336.79,19,32.6,-99,-99,24.4
1,1995,205,17629.41,22.2,31.2,-99,-99,1
1,1995,206,13714.02,23,32,-99,-99,3.3
1,1995,207,17540.56,22.27,31,-99,-99,2.6
1,1995,208,16509.66,21.67,30,-99,-99,0
1,1995,209,17320.66,22.73,31.4,-99,-99,3
1,1995,210,13648.56,23,29.6,-99,-99,0
1,1995,211,21063.82,21.8,34.4,-99,-99,0
1,1995,212,19371.54,21.8,34,-99,-99,0
1,1995,213,19661.92,22,34.4,-99,-99,38.8
1,1995,214,11594.58,22.2,37.6,-99,-99,27
1,1995,215,17189.55,23.2,31,-99,-99,0
1,1995,216,11756.65,23.6,30.4,-99,-99,0
1,1995,217,20033.28,20.6,36,-99,-99,0
1,1995,218,20860.85,23.4,34.2,-99,-99,0
1,1995,219,22225.39,24.2,36.2,-99,-99,0
1,1995,220,19444.77,25.2,35.2,-99,-99,0
1,1995,221,20542.98,20,33.46,-99,-99,0
1,1995,222,18959.61,22.6,33.71,-99,-99,70.3
1,1995,223,14145.22,23.2,30,-99,-99,8.6
1,1995,224,13489.97,21.85,33,-99,-99,7.7
1,1995,225,12563.03,23.4,34.02,-99,-99,0
1,1995,226,20273.74,21.8,34.2,-99,-99,0
1,1995,227,21922.15,22,34.12,-99,-99,8.8
1,1995,228,13014.54,23.2,32.4,-99,-99,1.1
1,1995,229,20215.42,22,31.42,-99,-99,0
1,1995,230,17253.59,19.65,32.33,-99,-99,0
1,1995,231,20264.97,21,33,-99,-99,0
1,1995,232,18791.77,20,32.4,-99,-99,0
1,1995,233,15542.22,19.82,34.2,-99,-99,0
1,1995,234,21974.09,21,34.84,-99,-99,0
1,1995,235,20085.84,23.63,35,-99,-99,0
1,1995,236,22981.18,23.8,33.41,-99,-99,0
1,1995,237,20951.27,23,34.5,-99,-99,0
1,1995,238,23030.47,23.17,34.57,-99,-99,0
1,1995,239,19346.67,22,35.43,-99,-99,0
1,1995,240,23214.55,21.8,35,-99,-99,0
1,1995,241,21585.51,22.34,35.3,-99,-99,0
1,1995,242,22983.01,22,35.31,-99,-99,0
1,1995,243,21072.86,22.8,35,-99,-99,0
1,1995,244,16397.21,24.4,35.05,-99,-99,0
1,1995,245,14889.84,21.4,35.23,-99,-99,0
1,1995,246,22645.28,21.25,35.32,-99,-99,0
1,1995,247,16571.43,22,33.2,-99,-99,0
1,1995,248,22400.86,19.37,35.62,-99,-99,0
1,1995,249,18533.39,21.25,35.32,-99,-99,0
1,1995,250,20903.12,21.85,36.43,-99,-99,0
1,1995,251,12028.18,23.86,34,-99,-99,2.4
1,1995,252,17035.23,23,30,-99,-99,2.3
1,1995,253,21491.91,23.4,36.24,-99,-99,0
1,1995,254,19831.88,23,34.5,-99,-99,54.7
1,1995,255,22205.67,23.66,34.2,-99,-99,8.2
1,1995,256,18035.59,23.4,33.6,-99,-99,42.2
1,1995,257,10795.59,23,33.6,-99,-99,0
1,1995,258,23201.61,22.8,34.2,-99,-99,0
1,1995,259,18744.87,22.27,35,-99,-99,0
1,1995,260,25721.14,23,34.44,-99,-99,0
1,1995,261,21678.83,21.8,35.46,-99,-99,0
1,1995,262,19866.21,21.8,35.6,-99,-99,0
1,1995,263,21261.93,22.2,35.21,-99,-99,0
1,1995,264,15259.23,21.67,33.13,-99,-99,0
1,1995,265,16513.39,21.6,35.23,-99,-99,1.5
1,1995,266,23629.85,23,35.69,-99,-99,0
1,1995,267,22090.52,24,35,-99,-99,0
1,1995,268,16921.18,23,33,-99,-99,0
1,1995,269,21242.4,22,35.63,-99,-99,0
1,1995,270,22212.39,22.8,35.6,-99,-99,0
1,1995,271,19414.16,22,33.2,-99,-99,0
1,1995,272,20800.6,23.4,34.2,-99,-99,27.2
1,1995,273,22324.72,23.1,35.09,-99,-99,0.3
1,1995,274,20501.61,22,34.96,-99,-99,0
1,1995,275,21326.16,21.8,35.32,-99,-99,0
1,1995,276,23123.9,22,35.99,-99,-99,0
1,1995,277,21160.62,23,36.51,-99,-99,1.5
1,1995,278,17111.58,24.38,36.38,-99,-99,0
1,1995,279,22938.29,23,35.8,-99,-99,0
1,1995,280,10831.75,24.2,32.6,-99,-99,0
1,1995,281,20680.75,24.16,32,-99,-99,0
1,1995,282,10826.95,23.2,32.6,-99,-99,5.3
1,1995,283,18287.31,22.8,30,-99,-99,0
1,1995,284,11619.28,22,33,-99,-99,6.5
1,1995,285,17144.27,23,33.2,-99,-99,0
1,1995,286,20031.23,22.8,31.28,-99,-99,30
1,1995,287,11516.62,21.2,31.2,-99,-99,0
1,1995,288,21318.11,22.93,28.82,-99,-99,0
1,1995,289,13207.42,20.73,32,-99,-99,0
1,1995,290,14431.44,21,29.2,-99,-99,0
1,1995,291,23223.65,22.6,32.37,-99,-99,0
1,1995,292,16045.52,23,32.6,-99,-99,1
1,1995,293,14376.79,23.2,27.94,-99,-99,20.5
1,1995,294,21767.06,23,32.6,-99,-99,0
1,1995,295,14886.75,22.6,32.8,-99,-99,10.5
1,1995,296,19383.92,22.2,31.8,-99,-99,0
1,1995,297,19904.91,24.2,31.9,-99,-99,0
1,1995,298,21653.27,23.4,31.49,-99,-99,0.9
1,1995,299,12621.79,23,31.6,-99,-99,0
1,1995,300,17098.59,20.4,31.8,-99,-99,0
1,1995,301,11768.21,22,33.55,-99,-99,0
1,1995,302,22756.26,22.4,33.18,-99,-99,4.8
1,1995,303,20281.46,23.14,32.6,-99,-99,10.5
1,1995,304,16186.62,22,33.65,-99,-99,0
1,1995,305,22794.31,22.4,32.6,-99,-99,8.5
1,1995,306,18976.89,23.55,31.6,-99,-99,0.2
1,1995,307,18139.07,23.45,31.2,-99,-99,0
1,1995,308,18786.17,23.8,32,-99,-99,10.3
1,1995,309,13912.2,22.1,32.4,-99,-99,0
1,1995,310,16848.53,23.2,31.42,-99,-99,0
1,1995,311,16957.63,22.6,32,-99,-99,0
1,1995,312,20150.09,23.17,28.68,-99,-99,12.5
1,1995,313,10614.45,22.6,31.2,-99,-99,5
1,1995,314,16614.91,23,31.6,-99,-99,0
1,1995,315,21264.11,23.1,32,-99,-99,0
1,1995,316,19366.75,23,30,-99,-99,0
1,1995,317,18939.58,23,31.2,-99,-99,0
1,1995,318,14656.63,23,30.65,-99,-99,28
1,1995,319,19683.31,22.4,31.83,-99,-99,0
1,1995,320,19390.87,23.4,33.24,-99,-99,0
1,1995,321,10222.28,23.4,31.4,-99,-99,17.5
1,1995,322,21455.92,23.6,30,-99,-99,8
1,1995,323,17727.14,23,31.43,-99,-99,6.2
1,1995,324,13815.29,22.8,31.6,-99,-99,0
1,1995,325,10481.69,23.2,30,-99,-99,9.6
1,1995,326,16304.89,23.05,33.13,-99,-99,0.7
1,1995,327,19799.42,24.63,34.5,-99,-99,0
1,1995,328,16852.45,23.6,33.44,-99,-99,0
1,1995,329,15155.84,23.6,34.2,-99,-99,0
1,1995,330,12654.36,22.8,34.29,-99,-99,0
1,1995,331,19215.52,23.9,31.8,-99,-99,0
1,1995,332,22684.48,23.8,33.2,-99,-99,0
1,1995,333,23375.09,22.57,31.71,-99,-99,0
1,1995,334,22523.05,22.6,33.2,-99,-99,0
1,1995,335,14546.58,23.96,33.23,-99,-99,0
1,1995,336,20110.2,23.4,31.6,-99,-99,0
1,1995,337,17622.93,22.2,33.2,-99,-99,90.1
1,1995,338,15200.31,21.2,30.45,-99,-99,0
1,1995,339,18525.97,23.2,32.4,-99,-99,0
1,1995,340,17756.09,24.2,32.73,-99,-99,0
1,1995,341,15979.06,23,32,-99,-99,0
1,1995,342,19075.15,23,33.2,-99,-99,0
1,1995,343,22975.09,23,33.6,-99,-99,0
1,1995,344,18358.74,23.78,31.6,-99,-99,0
1,1995,345,12779.05,23,27.87,-99,-99,12.8
1,1995,346,16490.3,22.2,32,-99,-99,0
1,1995,347,15662.64,23.2,31.58,-99,-99,0.5
1,1995,348,15244.78,23,31.2,-99,-99,32.4
1,1995,349,18973.13,22.8,31.83,-99,-99,0
1,1995,350,17396.69,23.17,32.2,-99,-99,4.2
1,1995,351,19250.71,23.37,29.92,-99,-99,32.3
1,1995,352,16945.15,22,31.41,-99,-99,1.4
1,1995,353,14443.28,22,30.6,-99,-99,0
1,1995,354,18255.89,24.6,33.4,-99,-99,46.5
1,1995,355,13074.5,20.6,30.56,-99,-99,0
1,1995,356,18779.53,22,30,-99,-99,20.2
1,1995,357,16112.21,22.67,26.87,-99,-99,0
1,1995,358,18789.08,23.4,30.2,-99,-99,16.9
1,1995,359,15422.84,20.4,29.4,-99,-99,0
1,1995,360,16467.06,22.2,31,-99,-99,0
1,1995,361,22835.63,22.4,32.4,-99,-99,3
1,1995,362,21028.65,20.3,32.6,-99,-99,4.5
1,1995,363,15062.56,23.6,30.4,-99,-99,0
1,1995,364,24043.63,22.4,31.6,-99,-99,0
1,1995,365,22367.97,22.2,33.2,-99,-99,0
