-75,3.91,415,0,0
1,2013,1,23824.66,23,34.2,-99,-99,0
1,2013,2,22975.09,21.8,34.2,-99,-99,0
1,2013,3,22762.98,22,35.2,-99,-99,0
1,2013,4,23306.85,23.2,34.6,-99,-99,0
1,2013,5,22820.63,22.6,36.8,-99,-99,0
1,2013,6,22419.09,22.8,35.2,-99,-99,0
1,2013,7,23050.07,21.2,34.2,-99,-99,0
1,2013,8,23873.03,22,37,-99,-99,0
1,2013,9,17715.55,22.6,35,-99,-99,0
1,2013,10,20698.9,22.4,34.8,-99,-99,0
1,2013,11,22023.71,22,35.6,-99,-99,0
1,2013,12,10753.1,21.8,36.6,-99,-99,0
1,2013,13,19123.2,24.2,34.2,-99,-99,0
1,2013,14,10137.23,22.8,29.8,-99,-99,15
1,2013,15,20793.74,22.8,32.6,-99,-99,0
1,2013,16,19370.49,23.2,34.5,-99,-99,0.2
1,2013,17,21409.4,24.2,32.2,-99,-99,4.8
1,2013,18,10056.77,23,30.6,-99,-99,0
1,2013,19,22495.77,23,33.4,-99,-99,5.3
1,2013,20,20418.1,23.2,33.8,-99,-99,0
1,2013,21,22746.1,24.6,34.2,-99,-99,0
1,2013,22,21106.01,24.24,35.03,-99,-99,0
1,2013,23,20666.77,24.58,35.47,-99,-99,0
1,2013,24,14968.31,23.6,33.8,-99,-99,0
1,2013,25,16210.82,24.6,34.6,-99,-99,5.2
1,2013,26,22833.3,23.6,34.6,-99,-99,0
1,2013,27,21527.53,25.4,35,-99,-99,18
1,2013,28,22023.71,23.2,36,-99,-99,0
1,2013,29,24292.43,23,35.6,-99,-99,0
1,2013,30,22921.48,24.2,36.8,-99,-99,0
1,2013,31,22957.22,24.8,34.8,-99,-99,0
1,2013,32,14932.89,24.94,34,-99,-99,0
1,2013,33,12654.36,24.42,32,-99,-99,0
1,2013,34,19593.75,22,34.34,-99,-99,9
1,2013,35,16945.15,24,31.93,-99,-99,22
1,2013,36,13911.6,24.37,30.48,-99,-99,0.6
1,2013,37,21868.51,23.83,33.58,-99,-99,3.5
1,2013,38,23502.7,24.22,34.48,-99,-99,32
1,2013,39,13353.91,24.26,29.11,-99,-99,0.3
1,2013,40,10679.25,22.8,27.35,-99,-99,4
1,2013,41,13762.6,22.67,29.17,-99,-99,9
1,2013,42,17487.39,23.05,29.87,-99,-99,25
1,2013,43,10111.82,23.05,28.46,-99,-99,18
1,2013,44,18809.75,22.6,31.22,-99,-99,10
1,2013,45,19285.89,22.8,31.17,-99,-99,0
1,2013,46,18712.32,22.5,31.97,-99,-99,0
1,2013,47,19703.53,21.8,32.5,-99,-99,0
1,2013,48,11206.9,22.6,32,-99,-99,1.8
1,2013,49,11482.05,22.8,33,-99,-99,0
1,2013,50,21285.3,21.67,33.13,-99,-99,1.9
1,2013,51,23800.47,23,33.8,-99,-99,0
1,2013,52,18208.65,22,33.6,-99,-99,0
1,2013,53,23516.15,22.6,34.26,-99,-99,0
1,2013,54,22419.09,23,33.88,-99,-99,37
1,2013,55,17049.74,24,33.2,-99,-99,0
1,2013,56,22577.6,23.4,35,-99,-99,0
1,2013,57,22342.41,24.14,34.6,-99,-99,0.2
1,2013,58,16490.3,24,33.6,-99,-99,0
1,2013,59,19171.25,23.6,32.8,-99,-99,0
1,2013,60,17756.09,23,33.31,-99,-99,0.2
1,2013,61,20462.34,23,35.4,-99,-99,3
1,2013,62,10392.09,24.14,34.42,-99,-99,0
1,2013,63,10379.29,23,33.41,-99,-99,0.8
1,2013,64,21644.29,23.55,33.75,-99,-99,0
1,2013,65,23178.29,24.34,34.02,-99,-99,13
1,2013,66,23204,24,33.2,-99,-99,0
1,2013,67,15884.74,24,34.2,-99,-99,0
1,2013,68,10281.21,22.6,34.6,-99,-99,0
1,2013,69,24181.58,23.4,35.93,-99,-99,0
1,2013,70,24088.96,23.95,33.49,-99,-99,8
1,2013,71,22992.96,24.41,33.2,-99,-99,0
1,2013,72,20538.56,23.78,35,-99,-99,0.6
1,2013,73,17487.39,24,32.4,-99,-99,40.2
1,2013,74,9908.55,24.45,29.62,-99,-99,9.4
1,2013,75,17151.79,23.2,31,-99,-99,0
1,2013,76,12850.78,23,32.94,-99,-99,3.4
1,2013,77,22495.77,23.8,32.6,-99,-99,17
1,2013,78,22444.65,23.6,32.97,-99,-99,2.1
1,2013,79,21252.48,23.37,33.13,-99,-99,0
1,2013,80,18856.48,24.38,31.15,-99,-99,7
1,2013,81,13056.17,22.8,32.4,-99,-99,3
1,2013,82,10154.17,23,32,-99,-99,0
1,2013,83,23353.83,22,34.15,-99,-99,0.7
1,2013,84,23204,22.8,34.4,-99,-99,0.5
1,2013,85,23491.96,25.23,35.99,-99,-99,0
1,2013,86,25296.33,23.4,34.2,-99,-99,0
1,2013,87,19285.89,23.73,32.8,-99,-99,3.5
1,2013,88,20374.99,22,35.02,-99,-99,0
1,2013,89,14702.02,22.2,34.6,-99,-99,0
1,2013,90,20698.9,22,35.67,-99,-99,0
1,2013,91,16898.19,24.2,36.2,-99,-99,0
1,2013,92,14808.71,23.2,33.8,-99,-99,0
1,2013,93,20331.87,23.6,34.2,-99,-99,0
1,2013,94,12601.39,25,33.4,-99,-99,20.4
1,2013,95,22577.6,22.8,32.8,-99,-99,0.5
1,2013,96,22051.18,24.8,34.6,-99,-99,30.3
1,2013,97,18973.13,22.8,33,-99,-99,0
1,2013,98,11354.04,23.8,32,-99,-99,3
1,2013,99,19866.45,22.2,34.2,-99,-99,0
1,2013,100,15292.36,24.2,34.8,-99,-99,0
1,2013,101,23122.44,24,34.6,-99,-99,0
1,2013,102,19907.92,24.2,34.8,-99,-99,2.5
1,2013,103,18809.75,25.53,34.87,-99,-99,0
1,2013,104,11962.93,24,34,-99,-99,0
1,2013,105,14101.89,24,32.4,-99,-99,0
1,2013,106,22684.48,24.2,37.8,-99,-99,0
1,2013,107,20288.76,24.6,37.8,-99,-99,0
1,2013,108,22880.18,23.8,35,-99,-99,11.4
1,2013,109,13911.6,22.8,30.6,-99,-99,3
1,2013,110,10734.64,22.2,32.2,-99,-99,2.7
1,2013,111,14808.71,21.6,33.4,-99,-99,5.3
1,2013,112,18451.29,23.6,31.6,-99,-99,9
1,2013,113,20911.32,22,29.8,-99,-99,1.9
1,2013,114,23637.54,22.2,34.8,-99,-99,0
1,2013,115,24922.1,21,34.8,-99,-99,0
1,2013,116,24351.05,21.8,34.2,-99,-99,0
1,2013,117,22766.12,22.2,33.8,-99,-99,0
1,2013,118,21348.54,23,32.6,-99,-99,1.7
1,2013,119,11723.67,21.4,31,-99,-99,0.1
1,2013,120,24168.13,23.6,34.6,-99,-99,5
1,2013,121,15244.78,23,32,-99,-99,7.46
1,2013,122,22393.53,23.4,30,-99,-99,12.68
1,2013,123,18045.31,23,31.05,-99,-99,6.98
1,2013,124,23114.18,23.69,31.6,-99,-99,16.09
1,2013,125,11447.47,23.6,28.2,-99,-99,12.49
1,2013,126,17240.6,22.54,31.48,-99,-99,19.31
1,2013,127,9946.66,23,24.78,-99,-99,27.31
1,2013,128,16163.78,22,31.6,-99,-99,1.67
1,2013,129,11118.61,22,31.4,-99,-99,3.43
1,2013,130,21890.29,23.2,31.87,-99,-99,5.57
1,2013,131,18208.65,23.8,31.2,-99,-99,4.29
1,2013,132,21677.59,22.4,32.4,-99,-99,0.48
1,2013,133,21502.76,22.4,32,-99,-99,5.6
1,2013,134,12743.18,22.8,31.2,-99,-99,4.05
1,2013,135,13815.29,22.2,30.31,-99,-99,7.99
1,2013,136,19026.47,22.8,30.2,-99,-99,14.61
1,2013,137,10753.1,23,29.99,-99,-99,4.67
1,2013,138,22992.96,23.29,31.48,-99,-99,2.5
1,2013,139,10520.09,23,30.47,-99,-99,2.73
1,2013,140,22217.06,22,30.43,-99,-99,11.04
1,2013,141,15339.93,22,30.58,-99,-99,9.03
1,2013,142,16674.05,22.21,29.98,-99,-99,19.31
1,2013,143,18045.31,21.8,30,-99,-99,13.94
1,2013,144,18637.87,21.8,31.6,-99,-99,7.44
1,2013,145,23255.42,21.8,31.62,-99,-99,4.42
1,2013,146,15831.2,21.4,28.46,-99,-99,9.17
1,2013,147,21378.97,21.2,30.57,-99,-99,8.66
1,2013,148,11447.47,22.2,31.24,-99,-99,9.01
1,2013,149,20527.23,22.6,31.52,-99,-99,10.36
1,2013,150,20991.48,23.35,31.4,-99,-99,16.04
1,2013,151,17107.38,22.4,31.6,-99,-99,12.07
1,2013,152,22470.21,20.6,30.05,-99,-99,11.51
1,2013,153,23618.61,21,30.56,-99,-99,4.71
1,2013,154,16490.3,20,30.63,-99,-99,0.63
1,2013,155,17993.91,19.76,31,-99,-99,0.12
1,2013,156,21890.29,19.18,30.14,-99,-99,0.33
1,2013,157,17294.16,21,29.82,-99,-99,1.36
1,2013,158,12105.1,20.3,31,-99,-99,1.4
1,2013,159,16348.64,19.99,30.5,-99,-99,0.1
1,2013,160,23071.44,19.91,31.12,-99,-99,1.43
1,2013,161,20462.34,20.39,29.94,-99,-99,3.44
1,2013,162,19630.35,20,31.15,-99,-99,10.98
1,2013,163,21448.78,20,30.56,-99,-99,3.3
1,2013,164,21285.3,19.92,31.28,-99,-99,1.03
1,2013,165,20556.07,21.6,31,-99,-99,4.01
1,2013,166,20180.03,21.6,30.7,-99,-99,1.92
1,2013,167,22710.65,20.8,32.8,-99,-99,0.64
1,2013,168,21378.97,20,32.6,-99,-99,0.62
1,2013,169,20991.48,21,32.4,-99,-99,0.93
1,2013,170,18637.87,21.15,30.97,-99,-99,4.53
1,2013,171,18846.43,20.11,32.4,-99,-99,0.66
1,2013,172,21943.27,20.53,32,-99,-99,0.24
1,2013,173,21890.29,21.45,32.4,-99,-99,0.43
1,2013,174,20954.44,21.8,32.8,-99,-99,1.84
1,2013,175,20954.44,21.35,31.6,-99,-99,2.33
1,2013,176,21585.91,21.3,32.5,-99,-99,1.52
1,2013,177,22684.48,21,31.2,-99,-99,0.46
1,2013,178,21615.1,20.36,32.6,-99,-99,6.37
1,2013,179,22880.18,21.8,31.2,-99,-99,0.73
1,2013,180,17715.55,21.9,33,-99,-99,1.27
1,2013,181,20360.95,22,31.24,-99,-99,5.37
1,2013,182,17942.5,20.8,30.59,-99,-99,5.32
1,2013,183,20110.2,20,32.5,-99,-99,0.92
1,2013,184,22550.32,20.8,32.8,-99,-99,0.4
1,2013,185,20602.52,21,33.2,-99,-99,4.98
1,2013,186,17487.39,22,31,-99,-99,3.79
1,2013,187,22604.88,21,31.2,-99,-99,0.25
1,2013,188,21285.3,20,33,-99,-99,0.37
1,2013,189,22393.53,19.62,33.2,-99,-99,1.43
1,2013,190,12922.51,20.73,31.44,-99,-99,4.25
1,2013,191,10158.4,20,32.6,-99,-99,3.93
1,2013,192,18675.09,20,32.4,-99,-99,4.16
1,2013,193,20634.64,20,32.83,-99,-99,0.58
1,2013,194,21409.4,20.3,32.8,-99,-99,1.53
1,2013,195,22133.84,20,33.2,-99,-99,7.81
1,2013,196,14755.36,21.95,31.6,-99,-99,3.65
1,2013,197,21066.74,22.8,32.4,-99,-99,0.75
1,2013,198,15063.68,20.92,32.4,-99,-99,0.18
1,2013,199,21897.61,21.2,32,-99,-99,0.49
1,2013,200,11059.54,20,33,-99,-99,2.04
1,2013,201,14054.51,21,31.57,-99,-99,6.35
1,2013,202,21644.29,19.04,33.24,-99,-99,1.97
1,2013,203,18809.75,20.96,33.2,-99,-99,7.04
1,2013,204,21488.15,22,31.5,-99,-99,3.83
1,2013,205,24321.74,20.46,32.2,-99,-99,0.04
1,2013,206,14196.92,22.8,31.6,-99,-99,2.38
1,2013,207,16490.3,21,29.96,-99,-99,1.96
1,2013,208,20374.99,19.93,33,-99,-99,0.07
1,2013,209,21409.4,20.3,32.8,-99,-99,1.24
1,2013,210,18809.75,20.77,34,-99,-99,0.35
1,2013,211,16060.64,21.6,34,-99,-99,0.5
1,2013,212,19026.47,22.2,34.4,-99,-99,0.29
1,2013,213,21158.56,22.73,32,-99,-99,0
1,2013,214,19075.15,21.45,33,-99,-99,0
1,2013,215,17942.5,21.67,32.55,-99,-99,0
1,2013,216,14546.58,20.8,35.23,-99,-99,0
1,2013,217,21527.53,20.23,35.3,-99,-99,0
1,2013,218,22736.81,22,35.41,-99,-99,0
1,2013,219,14292.2,21,34.73,-99,-99,0
1,2013,220,18260.56,22.8,35,-99,-99,0
1,2013,221,19450.57,23.2,34.2,-99,-99,20.3
1,2013,222,21615.1,23.6,31.6,-99,-99,9.2
1,2013,223,13353.91,22.6,32,-99,-99,0
1,2013,224,22318.01,22,33.24,-99,-99,2
1,2013,225,20418.1,23,33,-99,-99,5.49
1,2013,226,23306.85,22.8,33.13,-99,-99,2.09
1,2013,227,17196.19,21,31.8,-99,-99,6.13
1,2013,228,20462.34,20,34.2,-99,-99,0
1,2013,229,22763.39,21.6,32.6,-99,-99,0
1,2013,230,16992.1,21.4,32.5,-99,-99,0
1,2013,231,20731.03,21.25,33.96,-99,-99,0
1,2013,232,16210.82,21.6,33,-99,-99,0
1,2013,233,19630.35,20,34.98,-99,-99,0
1,2013,234,19171.25,21.6,35.23,-99,-99,0
1,2013,235,14755.36,21.25,35.18,-99,-99,0
1,2013,236,15155.84,21.8,32.94,-99,-99,0
1,2013,237,15938.28,21,34.2,-99,-99,0
1,2013,238,13011.62,22,32.63,-99,-99,0
1,2013,239,15580.84,20,34,-99,-99,0
1,2013,240,16348.64,21,33.25,-99,-99,0
1,2013,241,10716.17,20,33.2,-99,-99,0
1,2013,242,15452.93,19.92,34.52,-99,-99,0
1,2013,243,21710.89,20,34.63,-99,-99,0
1,2013,244,22244.8,21.67,35.32,-99,-99,0
1,2013,245,24440.58,22.2,35.95,-99,-99,0
1,2013,246,21852.69,23.4,34.2,-99,-99,0
1,2013,247,16210.82,23.8,33,-99,-99,0
1,2013,248,21527.53,21.45,33.29,-99,-99,0
1,2013,249,13709.92,21,34.42,-99,-99,0
1,2013,250,19250.71,21.05,35.12,-99,-99,0
1,2013,251,16304.89,22.6,33,-99,-99,0
1,2013,252,20793.74,21.4,34.2,-99,-99,0
1,2013,253,19328.19,22.21,32.7,-99,-99,0
1,2013,254,19751.48,22.4,33.65,-99,-99,0
1,2013,255,20216.27,22.21,35.06,-99,-99,0
1,2013,256,20731.03,24,31.43,-99,-99,0
1,2013,257,13455.69,23.05,32.48,-99,-99,0
1,2013,258,11118.61,21.2,34.91,-99,-99,0
1,2013,259,22632.16,22.6,35.49,-99,-99,0
1,2013,260,10558.49,23.29,34.5,-99,-99,40.2
1,2013,261,24086.64,22.4,35,-99,-99,0
1,2013,262,11383.47,21.8,32.6,-99,-99,0
1,2013,263,21488.15,20.57,36.24,-99,-99,0
1,2013,264,25518.09,21.6,37.36,-99,-99,0
1,2013,265,18637.87,22.2,36.44,-99,-99,0
1,2013,266,22495.77,24,36.44,-99,-99,0
1,2013,267,20634.64,22.6,35.64,-99,-99,0
1,2013,268,23481.43,22.27,35.96,-99,-99,0
1,2013,269,21644.29,22.8,34.84,-99,-99,0
1,2013,270,19075.15,21.8,34.91,-99,-99,0
1,2013,271,22106.1,22.87,33,-99,-99,10.6
1,2013,272,19949.39,22.6,33.6,-99,-99,0
1,2013,273,23135.55,21,35.58,-99,-99,0
1,2013,274,21378.97,23,34,-99,-99,3.59
1,2013,275,23523.96,23.83,34.2,-99,-99,0.3
1,2013,276,17756.09,22.8,33.41,-99,-99,3.36
1,2013,277,24028.46,22,34.98,-99,-99,2.14
1,2013,278,24104.8,20.8,36.39,-99,-99,0.04
1,2013,279,25088.43,21.4,36.31,-99,-99,1.63
1,2013,280,18919.79,23,35.55,-99,-99,0.63
1,2013,281,14101.89,22,35.51,-99,-99,0
1,2013,282,22710.65,21.6,36.28,-99,-99,42
1,2013,283,22161.58,22.6,34.5,-99,-99,0
1,2013,284,17151.79,22.8,33.2,-99,-99,8
1,2013,285,20374.99,24,32.5,-99,-99,0
1,2013,286,11324.61,23.88,32,-99,-99,0
1,2013,287,10494.49,23.35,31.12,-99,-99,0
1,2013,288,19488.35,23,33.2,-99,-99,70.8
1,2013,289,10941.41,23,33,-99,-99,0
1,2013,290,16544.48,22.8,32.6,-99,-99,0
1,2013,291,24741.92,21.6,34.56,-99,-99,0
1,2013,292,24247.29,22.54,35.57,-99,-99,0
1,2013,293,21735.37,23.86,33.24,-99,-99,0
1,2013,294,21852.69,24.12,32,-99,-99,20.7
1,2013,295,21409.4,24.01,32.83,-99,-99,7.3
1,2013,296,22921.48,22.05,34.2,-99,-99,2.5
1,2013,297,22921.48,22.73,34.5,-99,-99,0
1,2013,298,23306.85,20.8,35,-99,-99,0
1,2013,299,24088.03,21.8,35.22,-99,-99,10.4
1,2013,300,10734.64,22.6,34.41,-99,-99,20.6
1,2013,301,23675.4,23.2,35.22,-99,-99,0
1,2013,302,14755.36,23.4,32.63,-99,-99,0
1,2013,303,18919.79,24,31.6,-99,-99,0
1,2013,304,11792.03,23.25,29.22,-99,-99,0
1,2013,305,17570.85,22,32,-99,-99,0
1,2013,306,17196.19,22.73,33.77,-99,-99,0
1,2013,307,17891.1,22,32,-99,-99,0
1,2013,308,10507.29,23,28.86,-99,-99,7.2
1,2013,309,20328.2,22.6,31.4,-99,-99,0
1,2013,310,17487.39,23.4,30.12,-99,-99,47.5
1,2013,311,17570.85,21.8,32.5,-99,-99,0
1,2013,312,20538.56,22,30.56,-99,-99,0
1,2013,313,20570.54,22.93,30.47,-99,-99,44
1,2013,314,20462.34,23.4,31.1,-99,-99,5.8
1,2013,315,19907.92,22.8,32,-99,-99,0
1,2013,316,22939.35,23,31.6,-99,-99,0
1,2013,317,15746.09,22.6,31.2,-99,-99,7
1,2013,318,14391.56,23.29,31,-99,-99,0
1,2013,319,21677.59,23.6,31.15,-99,-99,0
1,2013,320,22470.21,22.8,31.87,-99,-99,15.3
1,2013,321,19666.94,23.72,32,-99,-99,0
1,2013,322,12076.67,24.35,30.75,-99,-99,0
1,2013,323,18675.09,23,28.96,-99,-99,0
1,2013,324,12358.47,21.8,30.86,-99,-99,0
1,2013,325,17815.58,23.4,30.49,-99,-99,0
1,2013,326,19285.89,23.05,28.8,-99,-99,40
1,2013,327,16630.6,23.05,29.8,-99,-99,0.5
1,2013,328,13505.32,23.2,28.29,-99,-99,7.3
1,2013,329,10430.49,23,29.66,-99,-99,0
1,2013,330,20331.87,23,30.52,-99,-99,7.6
1,2013,331,16436.13,23,28.07,-99,-99,1.8
1,2013,332,18697.02,22.1,30.02,-99,-99,0
1,2013,333,14649.74,22.8,29.44,-99,-99,0
1,2013,334,11324.61,23,29.7,-99,-99,0
1,2013,335,18045.31,22.67,27.63,-99,-99,75.1
1,2013,336,12232.42,23,28.02,-99,-99,14.6
1,2013,337,13011.62,22.8,30.7,-99,-99,3.2
1,2013,338,17396.69,22.2,29.88,-99,-99,0
1,2013,339,21106.01,22,31,-99,-99,2
1,2013,340,22577.6,21.6,32,-99,-99,45.7
1,2013,341,17904.71,22.2,29.93,-99,-99,26.2
1,2013,342,16392.38,22.6,28.7,-99,-99,28.2
1,2013,343,14968.31,21.35,30.09,-99,-99,0
1,2013,344,14862.05,21.6,31.47,-99,-99,0
1,2013,345,20506.58,22.4,31.4,-99,-99,0
1,2013,346,21777.49,22.6,31.45,-99,-99,10
1,2013,347,16587.54,23.6,29.99,-99,-99,2.7
1,2013,348,22470.21,23,32.5,-99,-99,9
1,2013,349,20698.9,22,32,-99,-99,0
1,2013,350,17622.93,23.63,31.69,-99,-99,0
1,2013,351,19907.92,23.6,31.5,-99,-99,0
1,2013,352,14339.84,23,30.41,-99,-99,0
1,2013,353,18809.75,23.6,32.3,-99,-99,0
1,2013,354,12316.46,23.4,29.89,-99,-99,0
1,2013,355,15746.09,23.2,29.91,-99,-99,0
1,2013,356,10716.17,22.8,29.96,-99,-99,7.5
1,2013,357,17851.28,22.2,29.91,-99,-99,16.3
1,2013,358,16490.3,22,30.78,-99,-99,0
1,2013,359,19907.92,20,32,-99,-99,0
1,2013,360,17049.74,23,30.86,-99,-99,3.8
1,2013,361,19450.57,22.8,31.38,-99,-99,0
1,2013,362,24468.29,20.8,32.4,-99,-99,0
1,2013,363,24247.29,22,33.2,-99,-99,0
1,2013,364,22786.42,23.6,33.41,-99,-99,0
1,2013,365,21448.78,22.2,33.2,-99,-99,0.6
