-75,3.91,415,0,0
1,1998,1,17566.58,22.8,34.48,-99,-99,0
1,1998,2,23834,23.8,36.5,-99,-99,0
1,1998,3,14204.23,21.8,36.5,-99,-99,0
1,1998,4,20872.09,22.4,39.5,-99,-99,0
1,1998,5,18278.8,21.6,38.5,-99,-99,0
1,1998,6,16335.41,24,35.5,-99,-99,0
1,1998,7,15305.13,23.8,34.5,-99,-99,2
1,1998,8,19250.91,23.8,33.5,-99,-99,0
1,1998,9,19534.17,24,35.5,-99,-99,0
1,1998,10,18768.76,23.6,34.5,-99,-99,0
1,1998,11,19973.51,24.2,37.5,-99,-99,0
1,1998,12,13814.6,24.6,34.5,-99,-99,0
1,1998,13,22920.41,24,36.5,-99,-99,2.8
1,1998,14,20839.77,23.8,35.5,-99,-99,0
1,1998,15,21395.43,24.2,37.5,-99,-99,0
1,1998,16,23539.65,24.2,38.5,-99,-99,0
1,1998,17,18541.66,24.8,36.5,-99,-99,0
1,1998,18,19363.44,24.8,34.8,-99,-99,11
1,1998,19,23108.17,22,36.5,-99,-99,0
1,1998,20,19021.43,24,33.5,-99,-99,0
1,1998,21,23043.33,25.45,37.57,-99,-99,0.5
1,1998,22,19612.38,27.07,39.06,-99,-99,0
1,1998,23,21378.15,26.19,39.3,-99,-99,0
1,1998,24,22882.09,24.75,37.46,-99,-99,0
1,1998,25,20909.74,23.72,39.29,-99,-99,0
1,1998,26,23088.54,24.6,36.5,-99,-99,0
1,1998,27,19096.78,24,38.5,-99,-99,0
1,1998,28,17379.52,24,34.5,-99,-99,0
1,1998,29,17004.19,23.6,35.5,-99,-99,0
1,1998,30,22563.8,25.6,37.5,-99,-99,0
1,1998,31,21925.27,25.6,37.5,-99,-99,0
1,1998,32,22502.76,26,38.34,-99,-99,0
1,1998,33,21862.23,22.8,39.5,-99,-99,0
1,1998,34,17283.09,25.8,39.5,-99,-99,0
1,1998,35,17720.06,25.8,37.5,-99,-99,0
1,1998,36,16932.81,25.4,37.5,-99,-99,0
1,1998,37,15324.81,26.4,35.5,-99,-99,0
1,1998,38,23408.96,26.8,39.5,-99,-99,14.2
1,1998,39,10452.21,21.8,29.5,-99,-99,0
1,1998,40,10607.53,23.8,28.5,-99,-99,1.8
1,1998,41,12135.16,21.8,30.5,-99,-99,0
1,1998,42,14491.55,22.8,31.5,-99,-99,0
1,1998,43,13414.61,23.8,34.5,-99,-99,0
1,1998,44,23082.61,24,38.5,-99,-99,2.2
1,1998,45,20496.29,23.8,36.5,-99,-99,1.5
1,1998,46,15691.19,23.8,34.5,-99,-99,1.3
1,1998,47,25678.85,24.8,39.5,-99,-99,0
1,1998,48,25439.29,24.8,40.5,-99,-99,0
1,1998,49,21868.41,25.4,38.5,-99,-99,0
1,1998,50,21760.76,25.4,38.5,-99,-99,0
1,1998,51,16922.61,26.4,36.5,-99,-99,0
1,1998,52,19314.21,25.4,36.5,-99,-99,0
1,1998,53,20874.36,25.4,37.5,-99,-99,0
1,1998,54,17551.22,23,36.5,-99,-99,0
1,1998,55,17434.42,26,35.5,-99,-99,0
1,1998,56,19275.61,24.8,35.5,-99,-99,0
1,1998,57,21820.41,25,37.5,-99,-99,0
1,1998,58,16938.4,25.6,36.5,-99,-99,3
1,1998,59,20747.64,23,37.5,-99,-99,0
1,1998,60,17117.77,23.6,35.5,-99,-99,83.8
1,1998,61,11371.36,23,29.8,-99,-99,2.4
1,1998,62,10821.35,23.4,31.8,-99,-99,0
1,1998,63,17875.56,24.4,35.5,-99,-99,0
1,1998,64,17046.78,23.6,36.5,-99,-99,0
1,1998,65,13394.89,25.4,35.5,-99,-99,0
1,1998,66,22864.21,25.2,37.5,-99,-99,0
1,1998,67,17514.75,23.6,36.5,-99,-99,0
1,1998,68,17810.81,25.2,36.5,-99,-99,0
1,1998,69,22206.81,25.2,37.5,-99,-99,0
1,1998,70,20523.22,25.8,36.8,-99,-99,0
1,1998,71,15440.46,25.4,35.5,-99,-99,0
1,1998,72,21254.4,24,36.5,-99,-99,0
1,1998,73,23530.75,24.6,37.5,-99,-99,0
1,1998,74,18582.32,26,35.5,-99,-99,0
1,1998,75,19014.96,25.4,36.5,-99,-99,21.5
1,1998,76,19163.34,25.67,34.5,-99,-99,0
1,1998,77,16617.7,27.26,36.5,-99,-99,0
1,1998,78,17756.21,26.14,37.5,-99,-99,0
1,1998,79,10955.68,25.28,34.5,-99,-99,0
1,1998,80,14077.12,24,34.5,-99,-99,0
1,1998,81,20315.67,24.72,37.5,-99,-99,0
1,1998,82,13088.58,23.8,36.5,-99,-99,0
1,1998,83,12947.72,24.59,37,-99,-99,0
1,1998,84,14506.11,25.45,35.5,-99,-99,0
1,1998,85,12947.39,25.13,35.5,-99,-99,0
1,1998,86,19882.94,23.4,37.5,-99,-99,12
1,1998,87,15067.01,25.95,29.5,-99,-99,3.7
1,1998,88,19731.27,24.86,34.5,-99,-99,2.4
1,1998,89,15059.32,23.8,31.5,-99,-99,0.3
1,1998,90,15478.23,23.2,37.5,-99,-99,0.6
1,1998,91,16319.52,25.28,33.5,-99,-99,0
1,1998,92,14618.75,25.03,34.5,-99,-99,3.3
1,1998,93,17432.31,23.77,33.5,-99,-99,20
1,1998,94,18549.95,22.6,33.5,-99,-99,0
1,1998,95,21777.09,22,35.5,-99,-99,0
1,1998,96,16275.2,24.58,32.5,-99,-99,6.8
1,1998,97,19637.63,23.6,32.5,-99,-99,13.3
1,1998,98,14566.96,24.12,31.5,-99,-99,0
1,1998,99,12872.42,23.29,32.5,-99,-99,0
1,1998,100,21412.17,22.1,37.5,-99,-99,0
1,1998,101,14112.25,23.14,32.5,-99,-99,2
1,1998,102,17876.08,25.22,33.6,-99,-99,8.5
1,1998,103,14366.48,24,31.5,-99,-99,65.2
1,1998,104,11282.99,24.87,28.5,-99,-99,2.2
1,1998,105,20191.87,23.6,34.5,-99,-99,0
1,1998,106,16968.38,24.26,34.5,-99,-99,0
1,1998,107,16254.65,25.12,33.5,-99,-99,0
1,1998,108,15125.69,25.05,32.5,-99,-99,24.3
1,1998,109,11503.57,24.28,28.5,-99,-99,3
1,1998,110,22428.76,24,33.5,-99,-99,0
1,1998,111,18667.19,22,32.5,-99,-99,0
1,1998,112,13949.24,23.85,31.5,-99,-99,0
1,1998,113,12553.2,24.12,32.5,-99,-99,0
1,1998,114,21623.02,22.93,33.5,-99,-99,0
1,1998,115,22280.63,23.34,35.5,-99,-99,15
1,1998,116,11544.52,23.4,33.5,-99,-99,0
1,1998,117,22080.91,23,33.5,-99,-99,0
1,1998,118,12335.13,23.4,34.5,-99,-99,43
1,1998,119,22290.33,23.45,34.5,-99,-99,0
1,1998,120,15711.07,23,33.5,-99,-99,0
1,1998,121,12692.86,24,32.6,-99,-99,72.2
1,1998,122,15801.71,23.6,30.5,-99,-99,0
1,1998,123,14285.63,24.08,32.5,-99,-99,59.5
1,1998,124,11419.28,24.49,29.5,-99,-99,14
1,1998,125,13432.28,24,30.5,-99,-99,20.5
1,1998,126,10711.51,24.18,29.5,-99,-99,1.5
1,1998,127,20404.51,22.6,38.5,-99,-99,0
1,1998,128,18219.48,24.22,32.5,-99,-99,3
1,1998,129,15235.22,22.4,30.5,-99,-99,0.4
1,1998,130,18164.28,22.8,33.5,-99,-99,0.7
1,1998,131,16395.43,23,34.5,-99,-99,0
1,1998,132,17307.04,22,33.2,-99,-99,18.5
1,1998,133,10471.8,22.6,32.6,-99,-99,0
1,1998,134,23520.56,23.05,35.5,-99,-99,6.2
1,1998,135,11507.11,23,35.8,-99,-99,0
1,1998,136,19729.23,22.4,33.69,-99,-99,0
1,1998,137,13862.85,23.25,34.5,-99,-99,0
1,1998,138,17817.08,22.8,34.5,-99,-99,0
1,1998,139,19378.71,20.8,36.5,-99,-99,0
1,1998,140,23841.15,20,38.5,-99,-99,0
1,1998,141,21961.31,21.8,37.5,-99,-99,0
1,1998,142,21009.14,22.54,37.5,-99,-99,0
1,1998,143,12829,22.8,35.5,-99,-99,0
1,1998,144,17407.62,24.75,35.5,-99,-99,0
1,1998,145,17253.95,24.16,36.5,-99,-99,0
1,1998,146,12649.55,23.88,31.5,-99,-99,0.5
1,1998,147,15510.89,23.78,32.5,-99,-99,5.9
1,1998,148,12880.56,23,31.5,-99,-99,6.9
1,1998,149,12344.05,24,30.5,-99,-99,0
1,1998,150,15456.6,22.8,31.5,-99,-99,0
1,1998,151,19212.7,22.2,34.5,-99,-99,0
1,1998,152,14253.47,22,34.5,-99,-99,0.6
1,1998,153,21248.87,22,34.5,-99,-99,1.3
1,1998,154,11760.96,21,30.5,-99,-99,1.9
1,1998,155,16931.74,20.8,34.5,-99,-99,0
1,1998,156,16010.24,21.8,30.57,-99,-99,0
1,1998,157,19745.79,21,35.5,-99,-99,0
1,1998,158,13399.26,21.6,34.5,-99,-99,0.2
1,1998,159,13259.72,22,33.5,-99,-99,0
1,1998,160,17376.95,21.3,34.5,-99,-99,0.6
1,1998,161,18009.04,22.8,35.5,-99,-99,0
1,1998,162,19027.38,20.8,34.5,-99,-99,1.5
1,1998,163,20817.42,22,36.5,-99,-99,0
1,1998,164,24278.3,22.2,37.5,-99,-99,0
1,1998,165,20151.84,20,37.5,-99,-99,0.7
1,1998,166,10120.2,21,28.5,-99,-99,0.4
1,1998,167,14996.45,22,33.5,-99,-99,0
1,1998,168,17686.89,21.2,33.5,-99,-99,0
1,1998,169,21531.29,21.8,31.5,-99,-99,0
1,1998,170,15623.48,22,31.5,-99,-99,0.6
1,1998,171,14208.99,21.8,32.5,-99,-99,0
1,1998,172,21773.21,21.8,31.8,-99,-99,0.3
1,1998,173,16256.48,21.4,31.55,-99,-99,0.3
1,1998,174,14844.81,20.8,33.5,-99,-99,0
1,1998,175,20101.54,20,35.5,-99,-99,0
1,1998,176,20102.1,21.8,33.31,-99,-99,0
1,1998,177,17923.62,22,35.5,-99,-99,0
1,1998,178,11513.02,21.6,33.5,-99,-99,0
1,1998,179,12797.74,22,35.5,-99,-99,0
1,1998,180,12928.81,21.8,34.5,-99,-99,0
1,1998,181,23200.49,21,34.42,-99,-99,0
1,1998,182,21538.95,21,37.5,-99,-99,0
1,1998,183,16665.92,21.85,33.5,-99,-99,0
1,1998,184,16544.31,21.8,35.5,-99,-99,0
1,1998,185,18223.39,22.15,35.5,-99,-99,0
1,1998,186,16946.24,22.27,32.5,-99,-99,0
1,1998,187,12707.73,21.2,34.5,-99,-99,0
1,1998,188,12843.88,21.8,32.5,-99,-99,0
1,1998,189,22003.5,21,35.5,-99,-99,4
1,1998,190,13118.34,22,29.5,-99,-99,3.8
1,1998,191,14934.88,21,33.5,-99,-99,1
1,1998,192,13524.92,20.11,32.5,-99,-99,0
1,1998,193,19096,19.69,34.5,-99,-99,0
1,1998,194,18723.9,19.88,36.5,-99,-99,0
1,1998,195,19906.44,20.14,36.5,-99,-99,0
1,1998,196,15774.95,20.2,34,-99,-99,0.2
1,1998,197,18126.49,21.25,35.5,-99,-99,0
1,1998,198,12556.24,21,34.5,-99,-99,0.9
1,1998,199,16341.4,20,33.5,-99,-99,27.9
1,1998,200,13492.94,21,34,-99,-99,0.4
1,1998,201,22243.71,22.2,35.5,-99,-99,0
1,1998,202,21746.42,21,35.5,-99,-99,0.2
1,1998,203,11444.93,21.8,29.5,-99,-99,0.2
1,1998,204,18263.12,21.8,35.5,-99,-99,0
1,1998,205,15794.78,20.8,32.5,-99,-99,0
1,1998,206,17912.92,21,32.5,-99,-99,0
1,1998,207,20956.69,21,36.5,-99,-99,0
1,1998,208,23351.11,21.6,36.5,-99,-99,0
1,1998,209,22063.5,22.27,37.5,-99,-99,0
1,1998,210,19981.09,22.4,37.5,-99,-99,0
1,1998,211,13797.65,22,32.5,-99,-99,0
1,1998,212,15402.57,20.03,36.5,-99,-99,0
1,1998,213,20721.82,20.96,36.5,-99,-99,0
1,1998,214,20483.97,21.6,37.5,-99,-99,0
1,1998,215,22504.31,20.3,38.5,-99,-99,0
1,1998,216,14550.95,22,34.5,-99,-99,0
1,1998,217,18567.47,22,37.5,-99,-99,2.6
1,1998,218,12186.58,23.4,34.5,-99,-99,0
1,1998,219,14473.95,22.8,34.5,-99,-99,22.8
1,1998,220,17704.84,22,31.5,-99,-99,0
1,1998,221,24564.07,20,34.5,-99,-99,0
1,1998,222,14932.65,20,32.5,-99,-99,0.2
1,1998,223,18581.31,22,35.5,-99,-99,0
1,1998,224,12143.75,21,33.5,-99,-99,0
1,1998,225,13506.74,21.6,33.5,-99,-99,0
1,1998,226,22838.89,21.6,33.5,-99,-99,2.5
1,1998,227,15973.4,23.2,32.5,-99,-99,0
1,1998,228,20596.3,22.2,35.5,-99,-99,0
1,1998,229,18046.19,22,34.5,-99,-99,0
1,1998,230,25263.59,23,36.5,-99,-99,62.2
1,1998,231,15914.68,24.26,30.5,-99,-99,5
1,1998,232,18247.26,23.93,30.5,-99,-99,1
1,1998,233,20994.5,23,32.5,-99,-99,0
1,1998,234,22110.58,22,34.5,-99,-99,0
1,1998,235,25415.42,21,35.5,-99,-99,0
1,1998,236,23938.96,22,35.5,-99,-99,8.6
1,1998,237,18074.44,23,32.5,-99,-99,0
1,1998,238,17544.3,24,33.5,-99,-99,0
1,1998,239,22230.25,21.8,32.5,-99,-99,0
1,1998,240,24451.76,21,35.5,-99,-99,0
1,1998,241,23374.54,22.27,35.5,-99,-99,0
1,1998,242,20089.95,22,33.5,-99,-99,0
1,1998,243,11281.53,20,34.5,-99,-99,0
1,1998,244,15430.91,22,33.5,-99,-99,0
1,1998,245,18896.91,22,35.5,-99,-99,0
1,1998,246,16560.01,23.2,34.5,-99,-99,0
1,1998,247,19478.32,22.34,33.6,-99,-99,0
1,1998,248,17136.35,22.57,33.5,-99,-99,0
1,1998,249,23386.16,22.2,37.5,-99,-99,0
1,1998,250,23816.98,23.6,37.5,-99,-99,0
1,1998,251,12583.6,25.18,30,-99,-99,2
1,1998,252,16757.34,22.6,33.5,-99,-99,4
1,1998,253,18433.12,21,34.5,-99,-99,0
1,1998,254,17188.65,20.84,34.5,-99,-99,0
1,1998,255,11627.01,22.21,30.5,-99,-99,0
1,1998,256,17200.02,23.8,32.5,-99,-99,0
1,1998,257,19851.69,23,37.5,-99,-99,0
1,1998,258,14002.47,21.8,34.5,-99,-99,0
1,1998,259,21533.48,20.43,36.5,-99,-99,0
1,1998,260,21118.49,22.2,37.5,-99,-99,0
1,1998,261,16098.4,23.8,35.4,-99,-99,53
1,1998,262,14982.28,23.55,30.5,-99,-99,0
1,1998,263,18610.21,22.4,35.09,-99,-99,0
1,1998,264,20982.06,22,34,-99,-99,0
1,1998,265,20282.35,21.8,34.91,-99,-99,0
1,1998,266,20000.39,23.2,34.5,-99,-99,0
1,1998,267,19159.11,23.6,34.5,-99,-99,0
1,1998,268,16083.69,23.2,34.5,-99,-99,0
1,1998,269,16218.08,22.8,34.2,-99,-99,1.5
1,1998,270,21654.23,24,34.5,-99,-99,0
1,1998,271,23041.46,24.45,35.5,-99,-99,0
1,1998,272,22055.88,24.9,36.5,-99,-99,0
1,1998,273,17584.03,23.66,36.5,-99,-99,0
1,1998,274,17156.43,22,35,-99,-99,0
1,1998,275,17842.99,22,37.5,-99,-99,0
1,1998,276,20895.66,22.21,35.5,-99,-99,0
1,1998,277,23944.55,23.8,37.5,-99,-99,7
1,1998,278,20311.4,23.6,34.5,-99,-99,0
1,1998,279,15430.02,24.45,33.5,-99,-99,2.7
1,1998,280,14583.55,24,30.4,-99,-99,1.5
1,1998,281,22347.12,22.67,35.8,-99,-99,0
1,1998,282,18304.05,20.33,34.5,-99,-99,5.5
1,1998,283,23972.49,20.84,39.5,-99,-99,0
1,1998,284,23119.29,20,37.5,-99,-99,0
1,1998,285,17698.03,22.6,33.5,-99,-99,61.5
1,1998,286,20169.55,24.87,31.5,-99,-99,0
1,1998,287,22774.2,23.91,34.5,-99,-99,0.9
1,1998,288,22611.91,22.1,33.5,-99,-99,5.2
1,1998,289,14862.66,23.4,31.2,-99,-99,0
1,1998,290,23250.55,24.22,33.5,-99,-99,22.5
1,1998,291,19093.95,24.55,31.5,-99,-99,16.9
1,1998,292,13707.84,24.2,33.6,-99,-99,1
1,1998,293,23992.08,23.4,32.5,-99,-99,0
1,1998,294,21767.06,22.8,33.5,-99,-99,0
1,1998,295,24480.33,23.4,34.5,-99,-99,3
1,1998,296,20752.83,24.64,34.5,-99,-99,48
1,1998,297,21955.83,23,30.5,-99,-99,19.5
1,1998,298,21107.02,22.2,30.5,-99,-99,11
1,1998,299,23260.5,23.82,32.5,-99,-99,0
1,1998,300,24318.4,24.05,34.5,-99,-99,0
1,1998,301,18842.81,23.8,33.5,-99,-99,26.2
1,1998,302,14467.9,23.8,30.5,-99,-99,52
1,1998,303,13496.55,22.6,29.5,-99,-99,0
1,1998,304,15915.57,22.8,32.5,-99,-99,0
1,1998,305,20899.54,23.6,33.5,-99,-99,0
1,1998,306,22626.22,24.1,33.5,-99,-99,0
1,1998,307,15439.48,24.38,31.5,-99,-99,31.5
1,1998,308,16629.4,23.66,30.5,-99,-99,1
1,1998,309,19700.68,23.88,32.5,-99,-99,5
1,1998,310,10799.01,23,25.5,-99,-99,27.2
1,1998,311,14272.59,21.6,31.5,-99,-99,0
1,1998,312,22965.58,22.4,32.5,-99,-99,1.4
1,1998,313,20522.32,23.4,32.5,-99,-99,75.2
1,1998,314,21963.32,23.82,30.5,-99,-99,0
1,1998,315,23267.08,23.4,32.5,-99,-99,0
1,1998,316,18699.98,23,32.5,-99,-99,0
1,1998,317,15876.47,23.2,32.5,-99,-99,0
1,1998,318,14922.64,22.8,30.5,-99,-99,0
1,1998,319,17823.65,22.8,33.5,-99,-99,3
1,1998,320,21248.16,23.38,32.5,-99,-99,1.2
1,1998,321,10222.28,23,29.5,-99,-99,6.2
1,1998,322,15765.65,22.8,31.5,-99,-99,0
1,1998,323,11118.61,23.6,30.5,-99,-99,35
1,1998,324,10707.47,23.63,28.5,-99,-99,5.9
1,1998,325,23219.62,23.73,31.5,-99,-99,10.4
1,1998,326,13708.44,23,28.5,-99,-99,0.6
1,1998,327,20927.16,22.8,31.5,-99,-99,0
1,1998,328,14989.05,22.73,30.6,-99,-99,0
1,1998,329,19434.97,22.8,32.5,-99,-99,0
1,1998,330,19675.76,22.21,32.5,-99,-99,0
1,1998,331,18082.61,23,32.5,-99,-99,0.3
1,1998,332,14137.33,22.87,30.5,-99,-99,1.5
1,1998,333,19876.5,22.8,32.2,-99,-99,0
1,1998,334,22601.17,22.8,31.8,-99,-99,0
1,1998,335,17620.41,23,32.04,-99,-99,0
1,1998,336,16300.7,22.6,32.5,-99,-99,8.6
1,1998,337,19024.03,23,32.5,-99,-99,1.5
1,1998,338,12757.88,24,30.47,-99,-99,0
1,1998,339,16652.61,22.87,30.5,-99,-99,20.5
1,1998,340,18201.85,24,31.5,-99,-99,2.9
1,1998,341,14550.58,23.2,30.5,-99,-99,0
1,1998,342,20388.09,22.8,31.5,-99,-99,0
1,1998,343,19208.54,22.8,31.5,-99,-99,3.3
1,1998,344,15452.93,23.93,31.2,-99,-99,38.6
1,1998,345,15687.89,23,29.5,-99,-99,0.6
1,1998,346,15811.52,23,31.5,-99,-99,145.7
1,1998,347,19307,22.21,30.5,-99,-99,0
1,1998,348,16320.37,21.3,31.5,-99,-99,43.4
1,1998,349,13206.37,20,29.5,-99,-99,4.5
1,1998,350,12944.95,20,31.5,-99,-99,0
1,1998,351,12425.19,22.8,29.5,-99,-99,12.7
1,1998,352,15404.4,23.2,31.5,-99,-99,0
1,1998,353,22012.17,22.8,32.5,-99,-99,0
1,1998,354,21754.33,23,32.6,-99,-99,0
1,1998,355,22016,23.05,32.5,-99,-99,0
1,1998,356,21630.92,22.73,32.5,-99,-99,0
1,1998,357,19561.61,23,33.5,-99,-99,8.8
1,1998,358,19826.46,21.2,30.5,-99,-99,0
1,1998,359,15552.55,20.53,30.15,-99,-99,0
1,1998,360,23085.01,22,32.5,-99,-99,0
1,1998,361,19200.68,22.8,32.5,-99,-99,0
1,1998,362,14015.04,23,28.5,-99,-99,4.2
1,1998,363,19740.78,23,31.5,-99,-99,0
1,1998,364,20142.85,24,32.5,-99,-99,0
1,1998,365,13650.74,23.37,32.42,-99,-99,0
