-75,3.91,415,0,0
1,2003,1,23425.41,20.4,34.2,-99,-99,0
1,2003,2,23052.25,21.6,34.6,-99,-99,0
1,2003,3,18637.53,21.8,33.6,-99,-99,0
1,2003,4,20741.6,23.4,33.8,-99,-99,0
1,2003,5,17886.97,22.6,33.4,-99,-99,13
1,2003,6,19472.92,23.8,33.6,-99,-99,0
1,2003,7,23418.06,23,36.4,-99,-99,0
1,2003,8,22656.48,21.6,34.4,-99,-99,0
1,2003,9,17567.39,24.8,33.6,-99,-99,0
1,2003,10,19687.58,24,35.4,-99,-99,0
1,2003,11,20367.72,22.8,36.8,-99,-99,0
1,2003,12,21576.41,22.4,36.6,-99,-99,0
1,2003,13,18047.08,24.2,32.8,-99,-99,0
1,2003,14,19257.31,24.2,34.8,-99,-99,0
1,2003,15,19546.92,24.8,34.8,-99,-99,0
1,2003,16,21292.15,24.6,34.2,-99,-99,0
1,2003,17,21321.62,25.2,34.4,-99,-99,0
1,2003,18,23340.12,23.8,34.6,-99,-99,7.5
1,2003,19,15674.9,25,31.6,-99,-99,0
1,2003,20,21015.25,22.8,33.4,-99,-99,0
1,2003,21,22244.67,22.8,34.6,-99,-99,0
1,2003,22,23744.67,23.4,34.6,-99,-99,0
1,2003,23,23113.56,20.4,34.8,-99,-99,0
1,2003,24,19005.1,24.6,33.8,-99,-99,0
1,2003,25,18901.42,24.4,33.4,-99,-99,0
1,2003,26,20674.94,22.8,33.8,-99,-99,0
1,2003,27,17082.41,24.4,33.4,-99,-99,0
1,2003,28,23297.34,23,35.2,-99,-99,0
1,2003,29,24008.67,24.4,35.6,-99,-99,0
1,2003,30,23103.44,24,35.6,-99,-99,15.5
1,2003,31,20574.1,22.2,35.6,-99,-99,0
1,2003,32,21961.46,24.2,34,-99,-99,0
1,2003,33,16169.76,24.2,34.8,-99,-99,6
1,2003,34,18640.54,23.2,32.2,-99,-99,0
1,2003,35,23158.22,23,35.6,-99,-99,0
1,2003,36,23468.66,23.8,35.4,-99,-99,0
1,2003,37,16006.67,25,34.4,-99,-99,0
1,2003,38,22043.16,24.6,36,-99,-99,0
1,2003,39,11546.51,24.4,32.6,-99,-99,0
1,2003,40,20608.04,22.6,34.6,-99,-99,0
1,2003,41,24071.35,22.6,36.4,-99,-99,6.8
1,2003,42,18201.36,23.2,34.4,-99,-99,0
1,2003,43,24835.46,24.4,38.39,-99,-99,5.4
1,2003,44,13850.08,24.8,31.6,-99,-99,0
1,2003,45,23394.18,24.2,35.6,-99,-99,43.2
1,2003,46,17764.01,22.2,30.8,-99,-99,15.7
1,2003,47,15438.86,23.6,30.8,-99,-99,2.6
1,2003,48,19203.85,25.2,35.6,-99,-99,0
1,2003,49,22978.4,23,33.6,-99,-99,0
1,2003,50,22316.47,24.2,34.4,-99,-99,0
1,2003,51,22765.02,24.4,36.27,-99,-99,0
1,2003,52,24188.91,24.2,36.2,-99,-99,0
1,2003,53,18643.24,25.4,33.4,-99,-99,0
1,2003,54,12385.71,23.8,32,-99,-99,0
1,2003,55,16875.35,24.6,33.6,-99,-99,0
1,2003,56,21794.18,23.2,36.8,-99,-99,30
1,2003,57,19859.44,21.2,31.4,-99,-99,0
1,2003,58,19181.8,23.8,32.6,-99,-99,0
1,2003,59,20466.94,23.4,32.4,-99,-99,6
1,2003,60,15151.01,22.2,31.8,-99,-99,0
1,2003,61,19948.53,25,34,-99,-99,0
1,2003,62,21376.1,24.6,33.8,-99,-99,39
1,2003,63,14495.29,22.6,29.4,-99,-99,3
1,2003,64,19583.93,23.4,33.4,-99,-99,0
1,2003,65,24679.25,21,35,-99,-99,0
1,2003,66,23428.81,23.2,35.2,-99,-99,0
1,2003,67,23164.3,23.2,35.4,-99,-99,0
1,2003,68,21061.19,24.8,35.6,-99,-99,0
1,2003,69,12450.49,24.6,33.8,-99,-99,0
1,2003,70,21089.08,24.6,35,-99,-99,0
1,2003,71,18837.07,25,35,-99,-99,28.6
1,2003,72,17148.59,21.8,33.8,-99,-99,3.5
1,2003,73,20273.34,22.2,30.6,-99,-99,28.5
1,2003,74,13907.34,21.8,29.6,-99,-99,0
1,2003,75,16039.29,23,31,-99,-99,0
1,2003,76,12077.17,23.2,29,-99,-99,0
1,2003,77,18035.11,23.4,32,-99,-99,0.6
1,2003,78,13645.43,23.6,31,-99,-99,0
1,2003,79,18610.4,24,32.8,-99,-99,0
1,2003,80,21731.59,22.6,33.6,-99,-99,2.3
1,2003,81,20315.67,22,32.6,-99,-99,0
1,2003,82,17198.4,24.2,33.6,-99,-99,0
1,2003,83,20882.4,23.6,33.8,-99,-99,5.3
1,2003,84,12664.58,22.8,30.4,-99,-99,0
1,2003,85,13089,23.8,29.8,-99,-99,0.5
1,2003,86,18184.15,22.6,30.6,-99,-99,4
1,2003,87,15067.01,22.6,32,-99,-99,0
1,2003,88,14073.43,24.2,31.6,-99,-99,36.8
1,2003,89,20007.47,20.6,28.4,-99,-99,10.5
1,2003,90,21065.58,23.6,31,-99,-99,0
1,2003,91,16884.37,23.8,31.6,-99,-99,0
1,2003,92,23368.32,24,33.4,-99,-99,0
1,2003,93,10716.17,23.86,35.6,-99,-99,0
1,2003,94,13054.11,25,32.4,-99,-99,0
1,2003,95,24057.3,24.2,36.4,-99,-99,0
1,2003,96,22887.62,25.4,37.2,-99,-99,0
1,2003,97,20762.16,24,35.6,-99,-99,1.2
1,2003,98,17094.8,25.2,34.4,-99,-99,6.5
1,2003,99,12030.63,25,34.6,-99,-99,0
1,2003,100,16786.97,24.8,32.4,-99,-99,0
1,2003,101,21812.79,23.2,34.2,-99,-99,0
1,2003,102,12421.66,22.4,29.8,-99,-99,0
1,2003,103,13947.38,24.2,32.6,-99,-99,0
1,2003,104,21189.95,22.6,34.4,-99,-99,0
1,2003,105,18380.11,23.6,33.6,-99,-99,29
1,2003,106,22118.51,21.2,31.6,-99,-99,0
1,2003,107,10833.07,24,27.56,-99,-99,52.5
1,2003,108,22067.33,23.2,33.6,-99,-99,3.7
1,2003,109,10810.33,23.4,31,-99,-99,17.3
1,2003,110,22982.58,23,32.4,-99,-99,52.5
1,2003,111,17699.36,22.2,30,-99,-99,68.5
1,2003,112,17400.85,21.6,31.4,-99,-99,23
1,2003,113,15448.33,22.4,29.6,-99,-99,2.5
1,2003,114,17493.23,24.2,33.2,-99,-99,0
1,2003,115,13208.75,23.4,28.6,-99,-99,0
1,2003,116,20053.6,23.4,32.4,-99,-99,0
1,2003,117,14270.11,21.8,30.6,-99,-99,0
1,2003,118,22459.64,23.2,34.4,-99,-99,0
1,2003,119,13957.61,23.4,33,-99,-99,0
1,2003,120,20348.14,24.2,32.5,-99,-99,0
1,2003,121,23994.61,24.4,35.6,-99,-99,0
1,2003,122,22734.93,24.2,36.4,-99,-99,35
1,2003,123,19850.34,22,31.8,-99,-99,0
1,2003,124,17787.92,24.8,32.2,-99,-99,61
1,2003,125,15732.06,21.4,33.6,-99,-99,6
1,2003,126,18679.95,24.4,32.2,-99,-99,0
1,2003,127,18112.3,22.4,31.4,-99,-99,12
1,2003,128,19700.23,23.4,32.67,-99,-99,18.2
1,2003,129,12009.79,21.6,30,-99,-99,0
1,2003,130,20176.86,25,32.4,-99,-99,0
1,2003,131,20280.04,23.6,32.6,-99,-99,0
1,2003,132,16638.38,24.6,33,-99,-99,7
1,2003,133,21420.15,22.4,32,-99,-99,1.7
1,2003,134,17388.71,23.4,32.6,-99,-99,0
1,2003,135,17362.96,22.8,33.4,-99,-99,0
1,2003,136,17736.08,25.4,34.6,-99,-99,0
1,2003,137,17312.2,25,33.6,-99,-99,0
1,2003,138,16757.39,25.2,33.24,-99,-99,0
1,2003,139,13559.38,24.2,30.6,-99,-99,0.2
1,2003,140,14861.26,23.6,31.6,-99,-99,0
1,2003,141,19192.25,24,34.6,-99,-99,41.5
1,2003,142,20482.47,23.6,33.4,-99,-99,0.2
1,2003,143,22558.22,23.8,34,-99,-99,0
1,2003,144,15306.98,25,33.4,-99,-99,0.5
1,2003,145,16991.73,24.2,31.6,-99,-99,0
1,2003,146,10423.75,24.8,28.6,-99,-99,3.2
1,2003,147,13026.54,24,30.4,-99,-99,15.7
1,2003,148,17842.84,24.2,33.2,-99,-99,0
1,2003,149,21473.59,24,35.2,-99,-99,0.2
1,2003,150,20406.57,23.4,31.8,-99,-99,0
1,2003,151,15179.35,23.8,30.6,-99,-99,0.2
1,2003,152,20361.53,23.6,33.4,-99,-99,3.5
1,2003,153,14238.87,22.4,31.4,-99,-99,1.2
1,2003,154,19930.58,24.2,31.4,-99,-99,1.7
1,2003,155,15247.67,22.6,31.4,-99,-99,0
1,2003,156,12257.15,23.8,30.6,-99,-99,0
1,2003,157,21426.64,21.6,33,-99,-99,0
1,2003,158,18954.03,23.4,34.6,-99,-99,0
1,2003,159,14034.15,22.2,32.8,-99,-99,0
1,2003,160,19053.55,21.2,34.4,-99,-99,0
1,2003,161,23035.07,22.6,34.8,-99,-99,0.8
1,2003,162,16451.72,24.6,32.6,-99,-99,23.2
1,2003,163,17471.24,22.2,31,-99,-99,21.5
1,2003,164,11930.57,21,28.4,-99,-99,11
1,2003,165,18737.77,22.2,30.8,-99,-99,6.2
1,2003,166,15388.21,22.4,29.4,-99,-99,0
1,2003,167,19106.25,22.8,32,-99,-99,4.3
1,2003,168,12358.47,22.6,30.4,-99,-99,0.5
1,2003,169,15884.42,23.6,31.4,-99,-99,0
1,2003,170,15623.48,23.2,29.6,-99,-99,0
1,2003,171,18826.77,24,31.8,-99,-99,0
1,2003,172,12411.03,23,31.2,-99,-99,0
1,2003,173,22539.91,22.8,32.4,-99,-99,0
1,2003,174,22666.49,23.6,32.8,-99,-99,0
1,2003,175,22537.77,22.8,33.2,-99,-99,0
1,2003,176,13562.52,22.6,33.8,-99,-99,0
1,2003,177,18693.05,20.2,33,-99,-99,0.7
1,2003,178,19849.75,21.6,35.6,-99,-99,0
1,2003,179,14080.57,21.4,32.4,-99,-99,0
1,2003,180,17548.14,21.8,32.8,-99,-99,0
1,2003,181,14857.52,23,33,-99,-99,0
1,2003,182,18200.58,23.2,32,-99,-99,0
1,2003,183,22960.01,23.6,35.6,-99,-99,0
1,2003,184,17186.86,22.8,35.4,-99,-99,0
1,2003,185,14751.89,22,34.2,-99,-99,0
1,2003,186,18361.34,22.2,34.8,-99,-99,0
1,2003,187,20559.84,23.6,34.4,-99,-99,0
1,2003,188,17094.5,24.4,32.8,-99,-99,12.5
1,2003,189,14656.4,21,29.4,-99,-99,13.1
1,2003,190,18536.01,23.2,32,-99,-99,1.07
1,2003,191,20227.71,24.2,35,-99,-99,0
1,2003,192,15462.93,23.4,30.6,-99,-99,0.4
1,2003,193,19354.63,23,34,-99,-99,0
1,2003,194,17559.01,23.8,34.2,-99,-99,0
1,2003,195,21461.1,22.2,34.8,-99,-99,0
1,2003,196,22777.87,20,35,-99,-99,0
1,2003,197,16568.68,22.2,35.4,-99,-99,0
1,2003,198,18664.16,23.4,32.6,-99,-99,0
1,2003,199,16861.79,23.4,34.2,-99,-99,0
1,2003,200,22740.42,23,35,-99,-99,0
1,2003,201,17027.79,23,35.95,-99,-99,0
1,2003,202,19788.11,24,36,-99,-99,0
1,2003,203,16019.92,22,35.6,-99,-99,0
1,2003,204,17870.49,24,35.2,-99,-99,0
1,2003,205,13435.97,23.8,34.2,-99,-99,0
1,2003,206,21455.74,23.2,35.2,-99,-99,0
1,2003,207,19248.62,25.4,34.8,-99,-99,0
1,2003,208,15325.57,25.4,34.6,-99,-99,0
1,2003,209,24434.93,20.6,38,-99,-99,0
1,2003,210,12329.28,24.6,35.65,-99,-99,0
1,2003,211,16043.56,24.8,35.4,-99,-99,0
1,2003,212,12359.7,23.6,33.4,-99,-99,0
1,2003,213,16482.22,22.4,35.8,-99,-99,0
1,2003,214,13054.03,23.6,30,-99,-99,4
1,2003,215,10413.23,23.6,29.6,-99,-99,1.4
1,2003,216,24131.41,20.6,36,-99,-99,0
1,2003,217,21099.33,24,36.8,-99,-99,0
1,2003,218,23129.51,23.4,38.6,-99,-99,0
1,2003,219,14473.95,23.6,32,-99,-99,0
1,2003,220,14224.97,24,33.2,-99,-99,2.7
1,2003,221,16119.77,22.4,35,-99,-99,1.5
1,2003,222,20704.62,25.2,36.2,-99,-99,0
1,2003,223,23921.41,25.2,37.2,-99,-99,0
1,2003,224,17932.48,25.8,36.4,-99,-99,0
1,2003,225,19573.41,23.4,37.4,-99,-99,0
1,2003,226,15818.49,26.8,37,-99,-99,0
1,2003,227,18812.58,24.8,36.2,-99,-99,0
1,2003,228,19783.97,22.8,35.6,-99,-99,0
1,2003,229,21706.76,24,37,-99,-99,0
1,2003,230,25399.35,23,38,-99,-99,0
1,2003,231,24479.31,25.2,38.4,-99,-99,0
1,2003,232,17975,24.8,35.6,-99,-99,0
1,2003,233,23039.1,25,36.8,-99,-99,0
1,2003,234,21428.16,23.2,35.8,-99,-99,0
1,2003,235,22545.65,23.8,35.4,-99,-99,0
1,2003,236,17644.99,25,36.87,-99,-99,0
1,2003,237,24239.07,24,37.8,-99,-99,0
1,2003,238,22893.32,26.8,37.4,-99,-99,0
1,2003,239,17286.98,22.4,36.4,-99,-99,0
1,2003,240,19640.39,25.2,36,-99,-99,0
1,2003,241,16218.39,27.6,35,-99,-99,0
1,2003,242,22294.19,27,36,-99,-99,0
1,2003,243,24796.32,23.6,38,-99,-99,0
1,2003,244,17501.55,25.2,36.2,-99,-99,0
1,2003,245,20278.66,24.4,36.4,-99,-99,0
1,2003,246,23613.39,23.4,38,-99,-99,0
1,2003,247,21554.67,25,37.6,-99,-99,0
1,2003,248,17413.43,23.8,36.48,-99,-99,0
1,2003,249,18117.44,25.4,35.4,-99,-99,3.6
1,2003,250,20625.61,21,38,-99,-99,0
1,2003,251,22581.16,24.6,36,-99,-99,84.5
1,2003,252,18007.87,21.2,31.4,-99,-99,1.5
1,2003,253,20796.73,24,33,-99,-99,5.8
1,2003,254,23727.17,22.6,33,-99,-99,0.3
1,2003,255,24571.95,23.4,35.6,-99,-99,0
1,2003,256,19706.74,23.8,36.4,-99,-99,0
1,2003,257,20548.32,24.6,36.4,-99,-99,0
1,2003,258,17486.99,25.4,35.4,-99,-99,0
1,2003,259,22230.64,23.2,35.54,-99,-99,0
1,2003,260,14563.21,25.2,30.8,-99,-99,3.2
1,2003,261,12471.12,22.6,31.6,-99,-99,0
1,2003,262,23773.36,21.6,35.24,-99,-99,0
1,2003,263,21122.37,22.2,34,-99,-99,0
1,2003,264,20004.99,22.8,34,-99,-99,47.3
1,2003,265,13861.16,21.6,28.4,-99,-99,1
1,2003,266,13718.64,22.8,30.8,-99,-99,0
1,2003,267,18321.56,20.8,30.8,-99,-99,0
1,2003,268,18735.73,23.2,32,-99,-99,0
1,2003,269,16497.21,24.6,31.2,-99,-99,0
1,2003,270,19002.95,23.8,33,-99,-99,0.7
1,2003,271,21925.37,22.8,32.4,-99,-99,2.6
1,2003,272,21358.5,21.6,32.4,-99,-99,29.7
1,2003,273,19117.78,22.2,32.4,-99,-99,0
1,2003,274,17992.73,22.4,31,-99,-99,0
1,2003,275,24809.33,23.4,34.2,-99,-99,0
1,2003,276,16578.45,24.8,32,-99,-99,22
1,2003,277,15871.15,24.6,31.8,-99,-99,2.7
1,2003,278,15163.87,22.8,32.6,-99,-99,1
1,2003,279,14039.6,23.6,30.4,-99,-99,21.8
1,2003,280,11109.66,22,28.4,-99,-99,10.5
1,2003,281,16931.43,22.8,30.6,-99,-99,2.6
1,2003,282,17332.68,22.6,30.4,-99,-99,0
1,2003,283,15930.04,23.6,32.8,-99,-99,0.1
1,2003,284,22010.86,23.8,31.8,-99,-99,0
1,2003,285,22128.13,24,34.82,-99,-99,0
1,2003,286,14649.74,23,32,-99,-99,0
1,2003,287,14896.92,24,31.8,-99,-99,0
1,2003,288,20126.66,22.6,33,-99,-99,0
1,2003,289,21207.72,23,31.8,-99,-99,0
1,2003,290,23112.75,22,33.6,-99,-99,0
1,2003,291,20470.52,24.2,33.6,-99,-99,0
1,2003,292,18383.21,24.6,33,-99,-99,0
1,2003,293,18497.63,24.2,32.8,-99,-99,10
1,2003,294,13534.59,23.8,29,-99,-99,0
1,2003,295,24480.33,22.4,33,-99,-99,0
1,2003,296,23353.76,24.8,34,-99,-99,0
1,2003,297,14299.06,22.4,31.6,-99,-99,0
1,2003,298,21653.27,22,34.4,-99,-99,0
1,2003,299,22305.75,24.6,32.6,-99,-99,0.4
1,2003,300,11241.01,22.2,29.4,-99,-99,0
1,2003,301,19795.16,22.8,31.6,-99,-99,3.5
1,2003,302,14603.77,22.6,29.2,-99,-99,3
1,2003,303,15532.02,22.8,31.2,-99,-99,143.7
1,2003,304,11714.45,20.8,28,-99,-99,4
1,2003,305,20493.51,22.8,31.2,-99,-99,0
1,2003,306,22085.58,22.9,28.68,-99,-99,16
1,2003,307,10310.26,21.8,24.6,-99,-99,52
1,2003,308,18920.96,20.2,29.6,-99,-99,0
1,2003,309,20912.22,22.2,32.4,-99,-99,0
1,2003,310,16848.53,24.2,31,-99,-99,0.6
1,2003,311,15212.36,25,30.2,-99,-99,34.8
1,2003,312,16262.04,21,30.4,-99,-99,0.8
1,2003,313,23066.23,22.8,32,-99,-99,13.8
1,2003,314,14074.42,22,29.4,-99,-99,25
1,2003,315,14587.53,23.6,32.4,-99,-99,0
1,2003,316,20033.52,22.6,30.8,-99,-99,16
1,2003,317,20670.9,23.8,32.6,-99,-99,0.2
1,2003,318,17050.71,24,31.8,-99,-99,0
1,2003,319,17292.32,22.6,31.4,-99,-99,0
1,2003,320,17400.93,23.8,32,-99,-99,0
1,2003,321,20954.48,24,33,-99,-99,0
1,2003,322,15368.66,24,32,-99,-99,3
1,2003,323,21560.09,23,32.4,-99,-99,0
1,2003,324,15195.89,24.4,26.53,-99,-99,3.6
1,2003,325,16758.6,23.4,32,-99,-99,13
1,2003,326,13049.91,21.6,27.6,-99,-99,3
1,2003,327,23163.65,21.8,31.4,-99,-99,0
1,2003,328,21954.04,21.8,31.4,-99,-99,0
1,2003,329,20091.35,23.2,31.6,-99,-99,5.5
1,2003,330,19806.9,23.6,31.6,-99,-99,0
1,2003,331,20571.8,23,33,-99,-99,0
1,2003,332,14006.45,23,31,-99,-99,4.8
1,2003,333,15561.32,24.6,30.6,-99,-99,6.7
1,2003,334,16591.42,23,30.4,-99,-99,1
1,2003,335,18795.23,24,30.6,-99,-99,8.5
1,2003,336,12909.51,22,28.6,-99,-99,5.5
1,2003,337,14983.79,23.2,30.4,-99,-99,1.3
1,2003,338,19399.9,23.2,30.8,-99,-99,0
1,2003,339,16001.88,24.2,31.4,-99,-99,3.2
1,2003,340,12739.16,21.4,28.8,-99,-99,0
1,2003,341,17280.32,23,31.4,-99,-99,0
1,2003,342,19348.76,23.2,31.6,-99,-99,5.6
1,2003,343,22584.69,23.6,33.2,-99,-99,0
1,2003,344,19199.22,22.8,33.2,-99,-99,0
1,2003,345,14520.21,22,30.6,-99,-99,32.3
1,2003,346,18924.22,23.2,32,-99,-99,0.2
1,2003,347,20862.89,23.4,32.4,-99,-99,8.7
1,2003,348,19949.87,22,31.8,-99,-99,9.7
1,2003,349,17843.86,21.8,29.8,-99,-99,0.7
1,2003,350,22533.88,22.6,33.6,-99,-99,0
1,2003,351,23179.33,20.6,33.6,-99,-99,0
1,2003,352,13590.52,23.6,30.4,-99,-99,0.3
1,2003,353,15922.67,23.4,32.2,-99,-99,0
1,2003,354,15923.59,23.4,32.4,-99,-99,0
1,2003,355,18646.74,23.6,34.6,-99,-99,0
1,2003,356,19427.57,24.2,34.4,-99,-99,0
1,2003,357,12950.11,24.8,31.8,-99,-99,0
1,2003,358,23327.63,21.8,34.8,-99,-99,0
1,2003,359,19184.57,24.4,32,-99,-99,0
1,2003,360,19581.39,25.2,31.6,-99,-99,0
1,2003,361,21667.25,23,31.8,-99,-99,0
1,2003,362,16093.15,23.4,32,-99,-99,0
1,2003,363,18311.32,22.6,32.4,-99,-99,0
1,2003,364,18842.59,24.2,32.6,-99,-99,0
1,2003,365,22367.97,22.4,33,-99,-99,0
