-75,3.91,415,0,0
1,2009,1,20300.7,23.4,31.46,-99,-99,7
1,2009,2,20967.6,23.8,31.6,-99,-99,0
1,2009,3,16029.7,22.8,33.8,-99,-99,0
1,2009,4,20089.1,23,32.4,-99,-99,1.7
1,2009,5,11356.43,22.8,32.8,-99,-99,1.7
1,2009,6,15420.31,23.4,32.6,-99,-99,0
1,2009,7,16221.11,23.2,32.4,-99,-99,0
1,2009,8,13225.67,24,30.45,-99,-99,24.1
1,2009,9,17042.91,23,31.8,-99,-99,0
1,2009,10,20212.61,22.8,32.2,-99,-99,0.3
1,2009,11,18265.24,24,32.6,-99,-99,0.4
1,2009,12,11709.7,23,32.6,-99,-99,0
1,2009,13,13832.31,23,31.8,-99,-99,0
1,2009,14,22026.62,23,34,-99,-99,0
1,2009,15,11492.67,23,31.8,-99,-99,6
1,2009,16,18383.62,23.2,32.8,-99,-99,11.2
1,2009,17,12187.47,22.6,30,-99,-99,4
1,2009,18,21484.33,23,31.8,-99,-99,0
1,2009,19,17798.69,23,30,-99,-99,23.9
1,2009,20,13837.5,22.8,29.6,-99,-99,0
1,2009,21,21978.45,22,31.8,-99,-99,9.8
1,2009,22,11081.21,21.6,30,-99,-99,7.3
1,2009,23,12300.62,21,29,-99,-99,5.2
1,2009,24,19406.16,21.8,31.2,-99,-99,2.2
1,2009,25,18499.76,23,32.2,-99,-99,0
1,2009,26,20674.94,23,32.8,-99,-99,0
1,2009,27,20305.4,23.6,32.4,-99,-99,3
1,2009,28,19396.96,22.4,31.8,-99,-99,0
1,2009,29,20237.03,23.4,31.6,-99,-99,8
1,2009,30,17707.09,22,29.8,-99,-99,6.7
1,2009,31,16250.37,23,29.8,-99,-99,14.3
1,2009,32,10323.45,22,31.2,-99,-99,0
1,2009,33,21285.3,22.2,33.2,-99,-99,0
1,2009,34,16875.86,22.2,32.4,-99,-99,32.7
1,2009,35,14593.11,21.8,29.8,-99,-99,6.2
1,2009,36,20731.03,22.2,32.6,-99,-99,30
1,2009,37,16415.78,22.2,32.6,-99,-99,0
1,2009,38,16579.94,22.4,32,-99,-99,0
1,2009,39,18522.67,22.4,32.6,-99,-99,0
1,2009,40,23135.55,22.4,32.8,-99,-99,8
1,2009,41,18857.84,22.4,32.4,-99,-99,0
1,2009,42,13529.75,22.6,31.8,-99,-99,0
1,2009,43,13414.61,23,31.4,-99,-99,0.2
1,2009,44,23358.21,22.6,33,-99,-99,0.1
1,2009,45,14424.51,21.6,33,-99,-99,0
1,2009,46,18731.33,22.8,32,-99,-99,0
1,2009,47,12809.67,22.2,32.4,-99,-99,0
1,2009,48,21282.33,23.2,33.2,-99,-99,0
1,2009,49,24782.14,23,32.8,-99,-99,0
1,2009,50,11063.23,23.4,31.2,-99,-99,1.9
1,2009,51,22765.02,22,33.2,-99,-99,20.6
1,2009,52,18060.72,22.8,32,-99,-99,0
1,2009,53,25057.71,23,34,-99,-99,0
1,2009,54,20064.16,22.2,34,-99,-99,69.2
1,2009,55,21906.96,21.4,34.2,-99,-99,0
1,2009,56,21374.42,21.8,34,-99,-99,0
1,2009,57,24201.59,22,34.2,-99,-99,11.2
1,2009,58,18340.52,21.2,34.2,-99,-99,23.5
1,2009,59,17379.23,21.4,34.2,-99,-99,31.7
1,2009,60,11217.5,21.2,34.4,-99,-99,0.7
1,2009,61,19250.71,22.2,33.2,-99,-99,30.6
1,2009,62,13917.41,22.6,34,-99,-99,70.6
1,2009,63,16889.65,21.8,32.6,-99,-99,0
1,2009,64,22262.03,22.4,32.6,-99,-99,24.5
1,2009,65,15651.76,22.4,33,-99,-99,0
1,2009,66,23287.66,22.4,32.8,-99,-99,0
1,2009,67,25000.4,22.4,32.6,-99,-99,0
1,2009,68,21626.47,23.4,33.2,-99,-99,1.1
1,2009,69,19661.68,22.8,36,-99,-99,0
1,2009,70,18259.79,22,33.2,-99,-99,5.4
1,2009,71,13600.63,22.6,32.6,-99,-99,0.1
1,2009,72,12901.21,23.8,32.4,-99,-99,0
1,2009,73,18857.08,23,33.6,-99,-99,40
1,2009,74,17024,21.6,32.2,-99,-99,0
1,2009,75,11930.04,22,31.8,-99,-99,0
1,2009,76,10943.39,23.6,31.6,-99,-99,74.6
1,2009,77,17751.62,20.2,30,-99,-99,11.6
1,2009,78,11235.66,22,27.6,-99,-99,34
1,2009,79,14074.27,22.6,32,-99,-99,0
1,2009,80,15636.36,23,30.8,-99,-99,4.2
1,2009,81,10961.02,23.8,29.8,-99,-99,30
1,2009,82,13655.46,21.6,30,-99,-99,0
1,2009,83,19748.88,22.2,31.4,-99,-99,0
1,2009,84,12522.92,21.8,27,-99,-99,13.5
1,2009,85,20311.36,22.2,32,-99,-99,0
1,2009,86,22289.56,22.2,32,-99,-99,12
1,2009,87,21151.92,21.6,31,-99,-99,0
1,2009,88,10961.61,21.8,27.8,-99,-99,0
1,2009,89,20431.6,22,32.4,-99,-99,14.8
1,2009,90,13076.17,22,28.6,-99,-99,54.5
1,2009,91,22674.12,21.2,30.2,-99,-99,11.9
1,2009,92,18287.93,21.4,30.6,-99,-99,0
1,2009,93,20816.88,21.4,32.4,-99,-99,0
1,2009,94,21509.25,21.4,32.4,-99,-99,0
1,2009,95,24874.86,21.4,33.6,-99,-99,0
1,2009,96,23028.31,24.4,33.8,-99,-99,7.8
1,2009,97,16264.06,21.8,31.8,-99,-99,0.2
1,2009,98,10915.63,22,29.8,-99,-99,0.3
1,2009,99,18765,21.8,31.2,-99,-99,2.8
1,2009,100,15665.71,21.6,31.8,-99,-99,2.2
1,2009,101,20272.68,22.6,33.6,-99,-99,4.3
1,2009,102,13820.23,21.4,31.6,-99,-99,0
1,2009,103,15484.07,22.8,32.4,-99,-99,0
1,2009,104,14492.28,23,32,-99,-99,3.5
1,2009,105,14199.12,22.8,31.2,-99,-99,0
1,2009,106,24623.98,22.2,33.8,-99,-99,0
1,2009,107,20425.1,24,34,-99,-99,0
1,2009,108,20817.83,23,33.6,-99,-99,0
1,2009,109,13999.2,22.6,33.4,-99,-99,0
1,2009,110,17721.26,23.8,32.8,-99,-99,0
1,2009,111,12998.45,22.6,31.8,-99,-99,0
1,2009,112,12982.79,23.6,32,-99,-99,0
1,2009,113,14345.42,22.8,31.8,-99,-99,1
1,2009,114,13501.11,23,30.8,-99,-99,3.3
1,2009,115,21455.92,22.8,33.2,-99,-99,0
1,2009,116,18132.2,23.6,33.35,-99,-99,0
1,2009,117,12214.64,23.8,34.2,-99,-99,0
1,2009,118,16166.03,24,33,-99,-99,0
1,2009,119,23383.14,24,35.6,-99,-99,3.9
1,2009,120,11892.31,22,27.8,-99,-99,17.6
1,2009,121,18275.65,23,32.8,-99,-99,4.3
1,2009,122,18656.57,22,32,-99,-99,2.7
1,2009,123,16321.5,22.4,30,-99,-99,9
1,2009,124,12774.31,22.2,29.2,-99,-99,0
1,2009,125,24390.02,23,32.8,-99,-99,0.2
1,2009,126,18950.07,22.8,32,-99,-99,0.7
1,2009,127,20404.51,23.2,34,-99,-99,0
1,2009,128,18354.09,23,34.8,-99,-99,0
1,2009,129,19132.6,23.2,35.4,-99,-99,0
1,2009,130,23531.16,24.2,31.2,-99,-99,0
1,2009,131,11841.06,24.2,31.6,-99,-99,1.5
1,2009,132,17307.04,23.8,35.2,-99,-99,2
1,2009,133,11539.93,22,33.2,-99,-99,0
1,2009,134,18588.42,23.6,35.2,-99,-99,0
1,2009,135,23085.74,23.6,33.2,-99,-99,0
1,2009,136,16673.07,23,32.2,-99,-99,4.6
1,2009,137,15852.86,22,35.2,-99,-99,0
1,2009,138,17684.62,22.4,35.2,-99,-99,0
1,2009,139,13823.89,22.4,31,-99,-99,0
1,2009,140,18822.97,23,35.4,-99,-99,0
1,2009,141,15368.32,23,32.6,-99,-99,0
1,2009,142,21009.14,21.6,34,-99,-99,0
1,2009,143,23610.02,21.6,35.8,-99,-99,0
1,2009,144,16882.46,21.8,34,-99,-99,0
1,2009,145,16860.63,21.6,33.6,-99,-99,0
1,2009,146,19588.79,21.8,34.6,-99,-99,0
1,2009,147,16556.94,21,33.6,-99,-99,0
1,2009,148,13141.73,23,30.6,-99,-99,1.2
1,2009,149,16778.4,23.8,34.6,-99,-99,0
1,2009,150,17801.32,23.2,34.2,-99,-99,0
1,2009,151,17391.19,23.2,33.6,-99,-99,11.2
1,2009,152,23870.41,23.4,35.2,-99,-99,0
1,2009,153,23066.28,23,36.26,-99,-99,0
1,2009,154,20189.93,23.6,35.4,-99,-99,0
1,2009,155,13822.69,22.8,33.2,-99,-99,0
1,2009,156,17487.39,23,33.2,-99,-99,0.2
1,2009,157,18194.24,23,35.2,-99,-99,0
1,2009,158,16757.96,23,34.2,-99,-99,1.1
1,2009,159,17906.3,22.8,36,-99,-99,0
1,2009,160,21246.02,23,36.4,-99,-99,2.7
1,2009,161,12080.9,22.8,34.2,-99,-99,0.6
1,2009,162,19027.38,23,35,-99,-99,0
1,2009,163,17151.79,22.6,35.2,-99,-99,0
1,2009,164,20291.02,24,31.6,-99,-99,0
1,2009,165,19637.63,22,33.2,-99,-99,0
1,2009,166,20911.32,22.6,34.2,-99,-99,0.8
1,2009,167,14097.43,22.4,33,-99,-99,0.1
1,2009,168,22436.99,23,35.6,-99,-99,4
1,2009,169,15884.42,22,34.8,-99,-99,0
1,2009,170,18831.01,23,35.8,-99,-99,13.6
1,2009,171,12156.64,21.2,30.4,-99,-99,1
1,2009,172,14463.02,22.2,33.6,-99,-99,1.7
1,2009,173,13307.12,21.8,33.6,-99,-99,13.8
1,2009,174,11510.98,22.4,33.4,-99,-99,0.4
1,2009,175,17280.66,22.2,33.6,-99,-99,0
1,2009,176,12408.48,22.8,33,-99,-99,0
1,2009,177,20873.11,23,34.6,-99,-99,0.2
1,2009,178,13436.88,21.4,31,-99,-99,0
1,2009,179,16004.81,21,33.2,-99,-99,0
1,2009,180,17548.14,22.6,33.6,-99,-99,0
1,2009,181,13573.98,23,31.8,-99,-99,0
1,2009,182,10881.84,21,33,-99,-99,0
1,2009,183,19748.74,22.8,35,-99,-99,0
1,2009,184,15200.31,23,34.6,-99,-99,0
1,2009,185,13594.72,22,35,-99,-99,0.8
1,2009,186,21577.48,23,33.8,-99,-99,0
1,2009,187,14509.85,22.8,34.2,-99,-99,0
1,2009,188,18640.18,23,34,-99,-99,0
1,2009,189,10918.4,23,34,-99,-99,0.8
1,2009,190,18149.03,22,34.2,-99,-99,0
1,2009,191,16225.81,23,34.8,-99,-99,8.5
1,2009,192,11070.11,21.8,32.2,-99,-99,0
1,2009,193,22716.78,21.6,33.6,-99,-99,0
1,2009,194,22995.14,21.3,35.6,-99,-99,0
1,2009,195,16926.67,22,33.6,-99,-99,0
1,2009,196,13310.96,21.8,33.4,-99,-99,0
1,2009,197,21761.37,21.6,33.4,-99,-99,0
1,2009,198,21263.27,22.2,35.8,-99,-99,0
1,2009,199,18683.18,22.8,33.4,-99,-99,0
1,2009,200,19484.26,23.8,35.2,-99,-99,0
1,2009,201,13507.04,24,34.2,-99,-99,0
1,2009,202,15479.83,23,35,-99,-99,0.9
1,2009,203,14712.78,21.8,31.8,-99,-99,0.6
1,2009,204,15907.32,22.8,34.2,-99,-99,0
1,2009,205,21298.67,23,36.8,-99,-99,0
1,2009,206,22243.04,23.2,36.4,-99,-99,0
1,2009,207,15701.11,22.8,33.4,-99,-99,0
1,2009,208,18877.86,23,35.2,-99,-99,0
1,2009,209,17452.4,23.6,36,-99,-99,0
1,2009,210,14835.91,23.2,36,-99,-99,0
1,2009,211,20931.71,23,36.4,-99,-99,0
1,2009,212,19106.94,24,36.04,-99,-99,0
1,2009,213,18204.56,23,32,-99,-99,0
1,2009,214,21943.42,23.8,37,-99,-99,0
1,2009,215,19049.72,23.6,37.2,-99,-99,0
1,2009,216,18143.62,22.8,36.4,-99,-99,0
1,2009,217,16435.38,23,37.6,-99,-99,0
1,2009,218,12720.38,23,31,-99,-99,0.3
1,2009,219,12068.33,23.6,35.2,-99,-99,0
1,2009,220,13020.41,23.2,36.8,-99,-99,0
1,2009,221,20006.83,22.8,34.2,-99,-99,0.2
1,2009,222,22583.87,22.6,36.8,-99,-99,0.2
1,2009,223,17774.75,22.8,35.4,-99,-99,0
1,2009,224,23990.44,23.6,36,-99,-99,0
1,2009,225,19843.04,22.8,37,-99,-99,0
1,2009,226,22163.85,25,38,-99,-99,0
1,2009,227,16649.39,23.6,35.6,-99,-99,0
1,2009,228,13149.93,24,35.2,-99,-99,0
1,2009,229,13572.16,23.8,32,-99,-99,6
1,2009,230,18203.93,24,33.8,-99,-99,0
1,2009,231,20536.86,22,34.6,-99,-99,25
1,2009,232,14299.54,21.8,31,-99,-99,21.2
1,2009,233,11316.71,20,30,-99,-99,1.5
1,2009,234,25386.16,22,35.8,-99,-99,0
1,2009,235,15576.2,22,34.2,-99,-99,15
1,2009,236,18876.42,21.8,33.6,-99,-99,0.1
1,2009,237,23280.13,21.8,35.4,-99,-99,0
1,2009,238,13018.2,22,30.2,-99,-99,0
1,2009,239,20445.18,21.8,36.2,-99,-99,0
1,2009,240,20740.13,21.8,35.2,-99,-99,0
1,2009,241,21172.65,22,37.2,-99,-99,0
1,2009,242,16370.31,22.2,38.2,-99,-99,1.4
1,2009,243,18866.36,22.4,34.8,-99,-99,1.6
1,2009,244,22333.06,22,37.4,-99,-99,0
1,2009,245,20555.01,22.6,37.2,-99,-99,0
1,2009,246,22506.98,22.4,38.2,-99,-99,0.3
1,2009,247,21139.4,22.6,38,-99,-99,2.9
1,2009,248,16166.58,22.4,34.6,-99,-99,0
1,2009,249,23524.81,22.8,36.2,-99,-99,0
1,2009,250,14381.61,23,34.8,-99,-99,0
1,2009,251,25774.83,23.8,37.4,-99,-99,0
1,2009,252,18980.51,23.4,34,-99,-99,0
1,2009,253,19267.34,22.8,36.2,-99,-99,0
1,2009,254,17466.88,22.6,35.4,-99,-99,0
1,2009,255,20256.97,23,38,-99,-99,0
1,2009,256,25277.21,22.6,37.6,-99,-99,0
1,2009,257,24449.41,23.6,38,-99,-99,6.2
1,2009,258,19020.18,22,36.4,-99,-99,51.5
1,2009,259,17350.56,21,33.4,-99,-99,3.4
1,2009,260,19165.85,21.6,33,-99,-99,0
1,2009,261,20283.72,22,34.2,-99,-99,0
1,2009,262,22517.49,21.6,34,-99,-99,54
1,2009,263,13585.89,21.8,34.2,-99,-99,0
1,2009,264,21959.12,22,35.4,-99,-99,0
1,2009,265,15257.07,22,35.4,-99,-99,0
1,2009,266,24746.6,22,36.2,-99,-99,0
1,2009,267,24323.98,21.8,38,-99,-99,0
1,2009,268,20410.71,22,38.2,-99,-99,0
1,2009,269,19288.5,22,39.96,-99,-99,0
1,2009,270,21375.15,22,33.2,-99,-99,0
1,2009,271,14252.24,22.2,36.52,-99,-99,0
1,2009,272,24845.37,22.2,38.4,-99,-99,0
1,2009,273,23440.17,22.2,38.2,-99,-99,0
1,2009,274,23568.03,22.2,38.6,-99,-99,0
1,2009,275,24112.69,22.2,38.4,-99,-99,0
1,2009,276,17135.51,22.4,38.4,-99,-99,0
1,2009,277,17959.1,22.4,33.6,-99,-99,0
1,2009,278,14885.63,22.4,36.16,-99,-99,0
1,2009,279,23494.46,22.8,38,-99,-99,25.8
1,2009,280,18891.18,22,36.2,-99,-99,0
1,2009,281,18597.8,21.8,33.8,-99,-99,0
1,2009,282,22050.73,22.6,38,-99,-99,0
1,2009,283,22169.88,23,34.6,-99,-99,0
1,2009,284,16191.57,22,32,-99,-99,1.5
1,2009,285,17974.91,21.8,33.6,-99,-99,0
1,2009,286,19339.62,24.8,34.6,-99,-99,8
1,2009,287,15864.31,22,34.8,-99,-99,12.1
1,2009,288,14741.96,21.8,30,-99,-99,0
1,2009,289,19690.42,22.6,33,-99,-99,0.7
1,2009,290,23112.75,23,35.2,-99,-99,0
1,2009,291,18130.35,21.8,33.8,-99,-99,6
1,2009,292,19345.79,21,31,-99,-99,1.1
1,2009,293,18909.71,22.2,32.6,-99,-99,0
1,2009,294,21904.27,23,34.6,-99,-99,0
1,2009,295,17901.88,22.6,33.6,-99,-99,0
1,2009,296,18425.68,23,34.2,-99,-99,10.3
1,2009,297,17443.8,22.8,31,-99,-99,3
1,2009,298,21107.02,22,32.2,-99,-99,0
1,2009,299,23669.68,23.2,35.8,-99,-99,0
1,2009,300,20504.16,22.4,35.8,-99,-99,1
1,2009,301,20203.31,23.8,35.6,-99,-99,0
1,2009,302,19902.89,22.6,36.2,-99,-99,0
1,2009,303,18245.99,22,32,-99,-99,0
1,2009,304,20523.26,23,33.4,-99,-99,0
1,2009,305,18057.38,22.8,33.2,-99,-99,1
1,2009,306,20598.81,21.6,33.8,-99,-99,17
1,2009,307,18813.96,20.8,33,-99,-99,0
1,2009,308,21212.53,23,33.2,-99,-99,0
1,2009,309,16873.75,21.8,32.8,-99,-99,0
1,2009,310,20747.11,23,32.4,-99,-99,0
1,2009,311,18837.16,22.8,34.2,-99,-99,2.3
1,2009,312,18407.17,22.8,32.4,-99,-99,0
1,2009,313,19451.2,23.2,33.8,-99,-99,6.3
1,2009,314,21695.9,21.6,34.2,-99,-99,2
1,2009,315,21397.64,21.6,36.8,-99,-99,5.1
1,2009,316,13899.23,22,34.4,-99,-99,0
1,2009,317,10149.8,23.2,30.4,-99,-99,1.5
1,2009,318,17183.72,24,33.4,-99,-99,0
1,2009,319,19816.14,23.8,34.2,-99,-99,28.2
1,2009,320,21248.16,22,34.4,-99,-99,57.5
1,2009,321,17112.08,22,34.2,-99,-99,1.5
1,2009,322,15633.32,22,31.4,-99,-99,53
1,2009,323,19709.7,22.2,33,-99,-99,0
1,2009,324,20608.39,22.2,35.4,-99,-99,0
1,2009,325,16890.46,22.6,35.4,-99,-99,0
1,2009,326,16737.68,22.8,35.4,-99,-99,0
1,2009,327,16980.4,23.2,34,-99,-99,22.2
1,2009,328,15120.46,23,28.6,-99,-99,0
1,2009,329,21010.28,23.2,34,-99,-99,0
1,2009,330,22429.71,23.2,34,-99,-99,2.7
1,2009,331,17820.59,23.4,33,-99,-99,0
1,2009,332,15838.82,22.8,31,-99,-99,9.4
1,2009,333,9938.52,23.2,31,-99,-99,35.2
1,2009,334,19465.65,23.4,32,-99,-99,0
1,2009,335,20492.2,23.4,32.2,-99,-99,0
1,2009,336,18126.73,23.6,34,-99,-99,0
1,2009,337,20848.65,23.4,34,-99,-99,0
1,2009,338,22265.09,23.4,34.6,-99,-99,0
1,2009,339,21077.61,24,34.6,-99,-99,0
1,2009,340,20152.82,23,33.8,-99,-99,0
1,2009,341,22739.78,23,34.2,-99,-99,0
1,2009,342,22077.01,23.8,34.8,-99,-99,50.3
1,2009,343,10768.16,22,31.6,-99,-99,0
1,2009,344,20497.16,22.2,32.8,-99,-99,0
1,2009,345,20488.33,23.2,33,-99,-99,30.9
1,2009,346,18794.53,22,32.2,-99,-99,0
1,2009,347,21770.49,23,33.2,-99,-99,0
1,2009,348,22671.99,22.8,33.8,-99,-99,0
1,2009,349,21500.71,23.4,39.6,-99,-99,0
1,2009,350,23052.2,23.6,34.8,-99,-99,0
1,2009,351,22013.22,22.8,33.8,-99,-99,0
1,2009,352,16181.77,23,33.6,-99,-99,0
1,2009,353,9833.17,22.8,29.6,-99,-99,40.3
1,2009,354,12684.29,22.6,33.2,-99,-99,0
1,2009,355,9834.83,23,30,-99,-99,0
1,2009,356,20723.66,22.8,32.4,-99,-99,0
1,2009,357,19820.88,22.6,32.4,-99,-99,0
1,2009,358,15028.57,24,31.6,-99,-99,50.4
1,2009,359,12050.25,22.2,29.8,-99,-99,30.3
1,2009,360,17245.64,22,30.6,-99,-99,0
1,2009,361,21407.61,23,32.6,-99,-99,0
1,2009,362,22717.12,23.6,33.4,-99,-99,0
1,2009,363,22469.74,23,32.4,-99,-99,0
1,2009,364,21573.14,23,33.6,-99,-99,0
1,2009,365,21587.32,24,34.8,-99,-99,0
